0.313075
0.321075
0.328138
0.335263
0.342200
0.349200
0.356013
0.362888
0.369638
0.376450
0.382263
0.474200
0.479325
0.485388
0.488700
0.492075
0.498013
0.504200
0.510325
0.516513
0.522763
0.528950
0.535325
0.541700
0.548325
0.551950
0.555262
0.562325
0.569700
0.577200
0.592075
0.608888
0.624763
0.633575
0.640262
0.648262
0.655513
0.662763
0.669825
0.676950
0.684075
0.691325
0.698512
0.705888
0.713263
0.720700
0.725013
0.728200
0.732450
0.735700
0.740012
0.743200
0.750637
0.757950
0.765262
0.772450
0.779513
0.786825
0.794013
0.800763
0.891763
0.899637
0.907388
0.915013
0.922638
0.927262
0.930512
0.938263
0.946013
0.953700
0.961387
0.969013
0.976700
0.984638
0.993012
1.001387
1.009575
1.017638
1.025700
1.033638
1.041450
1.049325
1.057450
1.065637
1.073387
1.081325
1.089137
1.096950
1.104887
1.112700
1.117262
1.120512
1.128325
1.136075
1.140575
1.143887
1.148512
1.151762
1.159575
1.167387
1.171950
1.175262
1.183262
1.191325
1.196763
1.199950
1.205637
1.208950
1.217950
1.225700
1.234075
1.239012
1.242262
1.247075
1.250450
1.258637
1.266887
1.275137
1.280137
1.283512
1.288637
1.291887
1.296762
1.300262
1.305512
1.308700
1.313762
1.316950
1.321825
1.325200
1.333262
1.341262
1.349075
1.356825
1.364637
1.372325
1.379887
1.387325
1.394450
1.401387
1.407950
1.413075
1.419950
1.426887
1.433950
1.440200
1.445950
1.582888
1.587825
1.600325
1.607137
1.615075
1.622638
1.630262
1.637825
1.645262
1.652825
1.660387
1.667700
1.675012
1.682137
1.689200
1.696200
1.703138
1.710012
1.716887
1.723700
1.730450
1.737200
1.743950
1.750700
1.757325
1.764013
1.770575
1.777137
1.783700
1.790137
1.796637
1.803137
1.809700
1.816325
1.822825
1.829387
1.835950
1.842575
1.849325
1.856012
1.862762
1.869512
1.876200
1.883013
1.889950
1.896887
1.903888
1.911013
1.918200
1.925450
1.932762
1.940137
1.947637
1.955200
1.962825
1.970512
1.978200
1.985950
1.993450
2.000950
2.005388
2.008638
2.016388
2.024450
2.033138
2.041075
2.138013
2.142825
2.146075
2.150888
2.154138
2.162263
2.170325
2.175200
2.178450
2.183388
2.186762
2.191950
2.195138
2.200450
2.203638
2.212263
2.217575
2.220887
2.226200
2.229575
2.234888
2.238138
2.246825
2.252013
2.255325
2.260700
2.263888
2.269200
2.272450
2.277888
2.281200
2.290075
2.298763
2.305575
2.315012
2.321700
2.329888
2.337575
2.345700
2.353825
2.361950
2.366700
2.370138
2.375013
2.378388
2.386513
2.394450
2.402388
2.410263
2.418138
2.425950
2.433763
2.441638
2.449450
2.457263
2.465075
2.472763
2.480450
2.488138
2.495888
2.503763
2.511575
2.519388
2.527263
2.535075
2.542825
2.550575
2.558263
2.565950
2.573575
2.581263
2.588950
2.596763
2.601388
2.604575
2.609138
2.612513
2.617013
2.620513
2.625325
2.628763
2.633450
2.637200
2.641763
2.645763
2.651200
2.654450
2.660013
2.663263
2.668950
2.672450
2.681388
2.686825
2.690387
2.695763
2.699263
2.704575
2.707888
2.713075
2.716450
2.721825
2.725013
2.730950
2.734138
2.740763
2.744075
2.820450
2.829888
2.835450
2.839513
2.845513
2.848950
2.854888
2.858138
2.867325
2.876075
2.883638
2.890075
2.945075
2.953013
2.961700
2.970200
2.978700
2.984138
2.987325
2.995950
3.004575
3.010137
3.013325
3.018325
3.021950
3.030638
3.036200
3.039388
3.048013
3.053387
3.056637
3.065138
3.073638
3.082075
3.087325
3.090513
3.095513
3.098825
3.103700
3.107138
3.115575
3.123825
3.132138
3.140450
3.148825
3.157200
3.165638
3.174138
3.179513
3.182825
3.188450
3.191638
3.197138
3.200575
3.205763
3.209825
3.219325
3.224263
3.229200
3.239325
3.250075
3.261263
3.273325
3.286325
3.300513
3.315638
3.331513
3.347200
3.362637
3.377137
3.405763
