0.222375000
0.244250000
0.252125000
0.261375000
0.270812500
0.276875000
0.282562500
0.286687500
0.291875000
0.298937500
0.307375000
0.313500000
0.320812500
0.328187500
0.335375000
0.342687500
0.349750000
0.356750000
0.363687500
0.370625000
0.377437500
0.384312500
0.391062500
0.397875000
0.404750000
0.411562500
0.418437500
0.425312500
0.432250000
0.439187500
0.446312500
0.453375000
0.460500000
0.467687500
0.474937500
0.482250000
0.489562500
0.497125000
0.504812500
0.512687500
0.520500000
0.528437500
0.534750000
0.542812500
0.551062500
0.561187500
0.569375000
0.577500000
0.585562500
0.593812500
0.602062500
0.609125000
0.617437500
0.625250000
0.635250000
0.643437500
0.651750000
0.660000000
0.667250000
0.676437500
0.685062500
0.693437500
0.701875000
0.710187500
0.718562500
0.727062500
0.735625000
0.744000000
0.752500000
0.760875000
0.769437500
0.777875000
0.786437500
0.795062500
0.803875000
0.812625000
0.821687500
0.830500000
0.847375000
0.855312500
0.863125000
0.876375000
0.883375000
0.891812500
0.896125000
0.903437500
0.915375000
0.924437500
0.933062500
0.941687500
0.950000000
0.958000000
0.966062500
0.973875000
0.981875000
0.989875000
0.997687500
1.005437500
1.013250000
1.020875000
1.028687500
1.036937500
1.045562500
1.054250000
1.062187500
1.098375000
1.104062500
1.113687500
1.121375000
1.129812500
1.137937500
1.146312500
1.154750000
1.163125000
1.171500000
1.179812500
1.188250000
1.196687500
1.205125000
1.213625000
1.222375000
1.231187500
1.239875000
1.248500000
1.257187500
1.266000000
1.274750000
1.283437500
1.292062500
1.300687500
1.309500000
1.318062500
1.326625000
1.335437500
1.343562500
1.354937500
1.364812500
1.371687500	
1.429625000
1.478562500
1.487937500
1.493875000
1.499437500
1.506437500
1.514750000
1.532750000
1.540750000
1.548062500
1.590062500
1.597625000
1.605937500
1.614500000
1.622062500
1.630687500
1.638375000
1.646875000
1.654750000
1.663000000
1.671000000
1.679000000
1.687000000
1.695000000
1.703062500
1.711250000
1.719375000
1.727625000
1.735937500
1.744375000
1.753312500
1.762250000
1.799812500
1.812625000
1.819500000
1.825500000
1.829437500
1.837437500
1.843375000
1.855000000
1.863875000
1.873437500
1.881312500
2.056062500
2.065375000
2.074937500
2.086937500
2.095687500
2.106375000
2.117125000
2.126875000
2.134187500
2.146875000
2.154500000
2.167875000
2.180750000
2.194500000
2.202562500
2.213250000
2.218812500
2.221625000
2.233062500
2.240562500
