0.223937500
0.230687500
0.238250000
0.245937500
0.253562500
0.260812500
0.268187500
0.275812500
0.283500000
0.291000000
0.298875000
0.306625000
0.314437500
0.322312500
0.330125000
0.338125000
0.346062500
0.354062500
0.362000000
0.370062500
0.377937500
0.385750000
0.393500000
0.401125000
0.408500000
0.415937500
0.423375000
0.431062500
0.438625000
0.446125000
0.453562500
0.460750000
0.467937500
0.475125000
0.482187500
0.489250000
0.496125000
0.503000000
0.509750000
0.516500000
0.523125000
0.529687500
0.536375000
0.542937500
0.549750000
0.556437500
0.563312500
0.570437500
0.691562500
0.698875000
0.706125000
0.713250000
0.720437500
0.727750000
0.735312500
0.742875000
0.750625000
0.758437500
0.766187500
0.774375000
0.782187500
0.790187500
0.797625000
0.805250000
0.812750000
0.820562500
0.828250000
0.835937500
0.843625000
0.851250000
0.858812500
0.866437500
0.873937500
0.881437500
0.889062500
0.896750000
0.904312500
0.912062500
0.920000000
0.927062500
0.935437500
0.941312500
0.945812500
0.951687500
0.962125000
0.969562500
0.977000000
0.984312500
0.991562500
0.998750000
1.005812500
1.013000000
1.020000000
1.027000000
1.034000000
1.041125000
1.048062500
1.055187500
1.062375000
1.069500000
1.076812500
1.084125000
1.091500000
1.098937500
1.106250000
1.113937500
1.121687500
1.130437500
1.137125000
1.178000000
1.185062500
1.193562500
1.202187500
1.211062500
1.220062500
1.229250000
1.238500000
1.247750000
1.253812500
1.263125000
1.272437500
1.285312500
1.291375000
1.304437500
1.314250000
1.324125000
1.333937500
1.343625000
1.353312500
1.362750000
1.372250000
1.381375000
1.390500000
1.399687500
1.408812500
1.417750000
1.426562500
1.435312500
1.444250000
1.452750000
1.461312500
1.587437500
1.594937500
1.602000000
1.609250000
1.616437500
1.623687500
1.631125000
1.638562500
1.646125000
1.653812500
1.661500000
1.669250000
1.677000000
1.684687500
1.692500000
1.700312500
1.708250000
1.716187500
1.724125000
1.732125000
1.740250000
1.748187500
1.756000000
1.763937500
1.771875000
1.779687500
1.787500000
1.795312500
1.803187500
1.811062500
1.818875000
1.826750000
1.834625000
1.842437500
1.850250000
1.858375000
1.866312500
1.873875000
1.881437500
1.889375000
1.896500000
2.003562500
2.010937500
2.018500000
2.026250000
2.034000000
2.041687500
2.049562500
2.057562500
2.065500000
2.073625000
2.081875000
2.090250000
2.098625000
2.107250000
2.115750000
2.124437500
2.133187500
2.142000000
2.150875000
2.160000000
2.169250000
2.178375000
2.187687500
2.197062500
2.206687500
2.215937500
2.225437500
2.234937500
2.244625000
2.254437500
2.264312500
2.274125000
2.283812500
2.293250000
2.303375000
2.310250000
2.421312500
2.430187500
2.438375000
2.447125000
2.455687500
2.464437500
2.473187500
2.482000000
2.491062500
2.500187500
2.509625000
2.518875000
2.528250000
2.537375000
2.546375000
2.555437500
2.564687500
2.573750000
2.582750000
2.591812500
2.601187500
2.610875000
2.618250000
2.713500000
2.722437500
2.731187500
2.741000000
2.750250000
2.759625000
2.769000000
2.778625000
2.787937500
2.798062500
2.808125000
2.818375000
2.828812500
2.839562500
2.850562500
2.862062500
2.873687500
2.885375000
