0.223937500
0.231250000
0.238625000
0.246187500
0.253875000
0.261437500
0.269062500
0.276750000
0.284250000
0.291750000
0.299375000
0.307062500
0.314875000
0.322875000
0.331125000
0.339500000
0.347875000
0.356187500
0.364500000
0.372750000
0.381000000
0.389125000
0.397187500
0.405250000
0.413312500
0.421312500
0.429250000
0.437062500
0.444875000
0.452687500
0.460437500
0.468187500
0.476000000
0.483937500
0.491937500
0.499875000
0.507812500
0.515812500
0.523937500
0.532125000
0.540312500
0.548437500
0.556687500
0.565000000
0.573437500
0.582062500
0.590687500
0.599437500
0.608312500
0.617375000
0.626375000
0.635312500
0.644562500
0.653625000
0.662875000
0.672000000
0.681000000
0.690000000
0.698812500
0.707625000
0.716187500
0.725000000
0.734125000
0.742937500
0.754125000
0.840937500
0.849500000
0.858437500
0.867500000
0.876500000
0.885750000
0.895000000
0.904187500
0.913750000
0.923250000
0.933187500
0.943062500
0.953062500
1.108187500
1.115875000
1.123937500
1.132062500
1.140375000
1.149125000
1.157937500
1.167000000
1.176250000
1.185812500
1.195625000
1.205875000
1.216562500
1.227750000
1.239437500
1.252187500
1.265750000
1.280500000
1.296562500
1.314687500	
1.334250000
1.352937500	
1.370625000
1.385500000
1.397937500
1.409437500
1.419937500
1.426500000
1.444000000
1.452125000
