0.232575
0.240763
0.248825
0.257325
0.265388
0.273388
0.278325
0.281575
0.286388
0.289637
0.297638
0.305575
0.313575
0.321638
0.329825
0.338075
0.346200
0.351513
0.354700
0.362825
0.367825
0.371013
0.375763
0.379013
0.386888
0.391575
0.394763
0.402637
0.410388
0.417888
0.425325
0.432638
0.439887
0.447012
0.454075
0.461075
0.467888
0.474700
0.481325
0.487762
0.494138
0.500513
0.506825
0.513012
0.519138
0.525200
0.531138
0.537013
0.542887
0.548700
0.554575
0.560325
0.566075
0.571825
0.577575
0.583325
0.589075
0.594825
0.600575
0.606450
0.612325
0.618325
0.624325
0.630450
0.636700
0.643075
0.650700
0.657200
0.714825
0.722575
0.728450
0.735012
0.740700
0.746888
0.753200
0.759825
0.766200
0.772450
0.778763
0.785075
0.791325
0.797575
0.803887
0.810263
0.816575
0.823013
0.829388
0.835888
0.842450
0.849075
0.855825
0.862575
0.869325
0.876138
0.883012
0.889950
0.897012
0.904138
0.911325
0.918700
0.926075
0.933763
0.938200
0.941512
0.946200
0.949388
0.957325
0.965387
0.973513
0.981638
0.989825
0.994888
0.998075
1.002763
1.006388
1.011512
1.014700
1.019575
1.023200
1.031638
1.040262
1.049012
1.057825
1.066513
1.071887
1.075137
1.080762
1.084075
1.089450
1.093012
1.098450
1.102012
1.108012
1.117325
1.129575
1.138512
1.154700
1.164700
1.172200
1.177450
1.180637
1.185637
1.188825
1.193825
1.197075
1.205262
1.213450
1.218450
1.221637
1.229700
1.237637
1.245512
1.253325
1.261137
1.269012
1.276888
1.284825
1.292825
1.300950
1.309075
1.314075
1.317263
1.321825
1.325512
1.330012
1.333887
1.338637
1.342387
1.347512
1.350825
1.355262
1.359137
1.364075
1.367262
1.375200
1.383075
1.390887
1.398700
1.406887
1.539200
1.547075
1.552075
1.555387
1.563762
1.571763
1.579763
1.587887
1.592637
1.596075
1.601262
1.604512
1.609575
1.613200
1.618137
1.622075
1.627137
1.631075
1.636012
1.640137
1.649637
1.659950
1.677012
