0.259937500
0.268687500
0.276000000
0.284062500
0.291562500
0.299437500
0.307562500
0.315562500
0.323812500
0.332312500
0.340875000
0.349437500
0.358000000
0.366562500
0.375250000
0.384000000
0.392687500
0.401375000
0.410000000
0.418750000
0.427625000
0.436625000
0.445437500
0.454500000
0.464000000
0.473125000
0.482312500
0.490375000
0.505875000
0.511312500
0.519937500
0.528437500
0.536500000
0.544875000
0.552812500
0.561125000
0.636250000
0.644250000
0.652250000
0.660187500
0.668437500
0.676875000
0.685500000
0.693500000
0.701437500
0.709062500
0.717187500
0.725500000
0.733750000
0.742062500
0.750500000
0.759062500
0.767687500
0.776312500
0.784937500
0.793625000
0.802375000
0.811250000
0.819812500
0.828500000
0.837125000
0.845687500
0.854250000
0.862750000
0.871125000
0.879625000
0.888000000
0.896312500
0.904750000
0.913062500
0.921437500
0.929812500
0.938312500
0.946750000
0.955187500
0.963687500
0.972312500
0.980812500
0.989500000
0.998125000
1.006937500
1.015875000
1.024875000
1.033937500
1.043125000
1.052437500
1.061812500
1.071250000
1.081000000
1.090812500
1.100687500
1.110875000
1.121375000
1.131500000
1.141437500
1.151062500
1.160562500
1.169625000
1.178562500
1.185562500
1.208000000
1.213375000
1.219812500
1.228937500
1.237375000
1.246125000
1.255062500
1.263937500
1.272875000
1.281875000
1.290937500
1.300125000
1.309500000
1.319125000
1.328750000
1.338437500
1.348250000
1.358062500
1.367875000
1.377875000
1.387750000
1.397437500
1.407000000
1.416562500
1.426250000
1.437125000
1.448375000
1.460187500
1.472000000
1.484437500
1.496875000
1.508562500
1.519250000
1.529375000
1.539062500
1.548375000
1.557500000
1.566250000
1.574937500
1.583562500
1.592187500
1.600750000
1.609312500
1.617625000
1.626250000
1.634937500
1.643812500
1.652750000
1.662000000
1.671562500
1.681250000
1.691687500
1.701062500
1.711000000
1.720875000
1.730437500
1.740250000
1.749750000
1.759500000
1.768937500
1.778562500
1.787875000
1.798062500
1.808500000
1.819000000
1.828812500
1.838937500
1.849250000
1.859500000
1.869750000
1.880062500
1.890250000
1.900375000
1.910562500
1.920625000
1.930687500
1.940750000
1.950625000
1.961000000
1.970750000
1.979625000
1.989312500
1.998812500
2.008437500
2.018125000
2.027812500
2.037500000
2.047125000
2.056875000
2.066625000
2.076625000
2.086812500
2.097250000
2.107875000
2.118750000
2.129937500
2.141312500
2.152562500
2.164375000
2.175875000
2.186687500
2.199750000
2.212625000
