0.229075
0.237075
0.245138
0.252700
0.260512
0.268138
0.275825
0.283637
0.291513
0.299325
0.307200
0.315013
0.322825
0.330700
0.338512
0.346263
0.354388
0.362450
0.370575
0.378450
0.386387
0.394263
0.402200
0.410075
0.417950
0.425888
0.433825
0.441450
0.449075
0.456700
0.464637
0.472388
0.476825
0.480013
0.487513
0.494700
0.501637
0.508637
0.515513
0.522012
0.528700
0.535325
0.541887
0.548512
0.555013
0.561638
0.567950
0.574450
0.697388
0.703888
0.710450
0.717013
0.723700
0.730638
0.737700
0.744762
0.751888
0.759012
0.766262
0.773513
0.780950
0.788450
0.795950
0.803700
0.811388
0.819137
0.823638
0.826888
0.834638
0.842638
0.850700
0.858513
0.866513
0.874763
0.882825
0.891075
0.899388
0.904513
0.907700
0.912887
0.916075
0.921138
0.924450
0.929325
0.932763
0.937887
0.941137
0.946075
0.949512
0.954512
0.957825
0.962825
0.966075
0.970950
0.974137
0.978825
0.982200
0.990138
0.998138
1.006075
1.013950
1.021762
1.029387
1.037200
1.045325
1.053200
1.180825
1.187387
1.194263
1.201262
1.208075
1.215012
1.222012
1.229200
1.236637
1.244325
1.248700
1.252200
1.256512
1.260075
1.264950
1.268137
1.273075
1.276637
1.281512
1.285200
1.289825
1.293762
1.298325
1.302450
1.308138
1.311325
1.316637
1.320262
1.325700
1.329262
1.334950
1.338387
1.344200
1.347700
1.357262
1.362575
1.366637
1.376325
1.454200
1.472512
1.477762
1.480950
1.489200
1.497200
1.505262
1.512950
1.520950
1.529012
1.537075
1.545200
1.553387
1.561450
1.569575
1.577700
1.585825
1.593887
1.601950
1.610012
1.618200
1.626387
1.631200
1.634700
1.642887
1.647825
1.651013
1.659075
1.667200
1.675387
1.683513
1.691700
1.699888
1.704825
1.708012
1.716262
1.724512
1.732700
1.740887
1.745762
1.749075
1.757262
1.765387
1.770512
1.773700
1.778762
1.782075
1.790700
1.795638
1.799075
1.804262
1.807450
1.812637
1.815825
1.820888
1.824200
1.832575
1.837512
1.840887
1.849137
1.857325
1.866075
1.881763
1.890325
1.898325
1.906825
1.915137
1.923575
1.931700
1.936637
1.939888
1.944700
1.948200
1.953325
1.956763
1.961825
1.965387
1.970262
1.974075
1.979075
1.982887
1.987887
1.991887
1.996887
2.000950
2.005825
2.010137
2.015075
2.019450
2.024325
2.028950
2.033762
2.038700
2.048825
2.059200
2.069700
2.080450
2.091825
2.186138
2.192075
