0.273825
0.279325
0.286700
0.293700
0.300825
0.307887
0.314887
0.322075
0.329263
0.336512
0.343950
0.351888
0.359825
0.467950
0.475637
0.483013
0.490325
0.497450
0.504763
0.512325
0.519950
0.527700
0.532013
0.535450
0.539950
0.543138
0.550950
0.558700
0.566575
0.571200
0.574512
0.579263
0.582575
0.587387
0.591700
0.600888
0.674887
0.682325
0.689887
0.697263
0.704388
0.711325
0.718200
0.725075
0.731888
0.738513
0.745075
0.751637
0.758075
0.764513
0.771012
0.777450
0.783950
0.790262
0.796512
0.802700
0.808825
0.815013
0.821263
0.827388
0.833512
0.839638
0.845700
0.851762
0.857825
0.863888
0.869825
0.875825
0.881763
0.887700
0.893700
0.899637
0.905513
0.911450
0.917325
0.923200
0.929075
0.935075
0.941013
0.947013
0.953137
0.959263
0.965450
0.971700
0.978012
0.984450
0.990825
0.997325
1.003887
1.010013
1.017075
1.023887
1.032013
1.038262
1.045575
1.051887
1.058888
1.064387
1.070950
1.078450
1.085262
1.091950
1.098637
1.105388
1.112138
1.118887
1.125637
1.132325
1.139013
1.145700
1.152387
1.159075
1.165762
1.172638
1.179575
1.186387
1.193262
1.200075
1.207075
1.214137
1.221450
1.229075
1.236262
1.360200
1.366637
1.373388
1.380075
1.386887
1.393887
1.401013
1.408325
1.412387
1.415700
1.420263
1.423450
1.427888
1.431575
1.435888
1.439950
1.445513
1.448887
1.454763
1.457950
1.463700
1.467200
1.473075
1.476388
1.485200
1.490575
1.493950
1.502700
1.509575
1.514200
1.634263
1.640387
1.644325
1.649950
1.654075
1.659637
1.663262
1.668887
1.672700
1.678075
1.682012
1.687325
1.691387
1.696950
1.700825
1.706137
1.710200
1.715575
1.719700
1.725138
1.729012
1.734825
1.738325
1.743638
1.747700
1.753137
1.756887
1.762013
1.765950
1.771575
1.775137
1.780512
1.784137
1.789825
1.793137
1.798513
1.801950
1.807387
1.810762
1.816262
1.819575
1.824825
1.828262
1.836950
1.846262
1.855388
1.863700
1.871200
1.958575
1.966825
1.974450
1.982075
1.989637
1.997200
2.004763
2.012450
2.016450
2.020075
2.027638
2.035138
2.042450
2.049638
2.056825
2.063950
2.071013
2.078075
2.085012
2.092013
2.099075
2.106013
2.113075
2.120138
2.127137
2.134200
2.141138
2.148263
2.155263
2.162387
2.169450
2.176638
2.183825
2.191075
2.198325
2.205700
2.213075
2.220513
2.228075
2.235575
2.243138
2.250763
2.258388
2.266075
2.273763
2.281388
2.288888
2.296388
2.303888
2.311387
2.319700
2.522013
2.528888
2.535638
2.542450
2.549263
2.556138
2.563200
2.570388
2.577638
2.584888
2.592325
2.599763
2.607200
2.614763
2.622638
2.630888
2.764512
2.770138
2.773513
2.778888
2.782138
2.787575
2.790950
2.796325
2.799950
2.805575
2.808950
2.814637
2.817888
2.823263
2.826825
2.832513
2.835763
2.841200
2.844763
2.850325
2.853887
2.859638
2.862888
2.868513
2.871825
2.877263
2.880575
2.889388
2.898075
2.906638
2.915138
2.920450
2.923763
2.928950
2.932263
2.940638
2.945888
2.949200
2.957763
2.966388
2.971262
2.974887
2.980075
2.983575
2.988700
2.992263
2.997450
3.001013
3.005700
3.009950
3.014950
3.018950
3.023700
3.027950
3.032638
3.037138
3.042263
3.046388
3.051763
3.055888
3.061075
3.065700
3.070950
3.076075
3.086825
3.098450
3.111263
3.126075
3.142388
3.209450
