0.160937500
0.224625000
0.230937500
0.237687500
0.245062500
0.253500000
0.260937500
0.268250000
0.275750000
0.283250000
0.290812500
0.298312500
0.305687500
0.313562500
0.321187500
0.329125000
0.336812500
0.344812500
0.352812500
0.360687500
0.368750000
0.376562500
0.384812500
0.392562500
0.400625000
0.408562500
0.416437500
0.423875000
0.431375000
0.438875000
0.446312500
0.454000000
0.572562500
0.579625000
0.586375000
0.593125000
0.599750000
0.606500000
0.612875000
0.619625000
0.625812500
0.632062500
0.638500000
0.644812500
0.651062500
0.657437500
0.663812500
0.670062500
0.676562500
0.682750000
0.689250000
0.695500000
0.702062500
0.708437500
0.714812500
0.721375000
0.727812500
0.734250000
0.740562500
0.747125000
0.753812500
0.760375000
0.767187500
0.774125000
0.781062500
0.788062500
0.795000000
0.802250000
0.809250000
0.816437500
0.823625000
0.830687500
0.838000000
0.845250000
0.852687500
0.859750000
0.867062500
0.874250000
0.918062500
1.015625000
1.021812500
1.028125000
1.034500000
1.040625000
1.046937500
1.053500000
1.059812500
1.066437500
1.073125000
1.079875000
1.086625000
1.093625000
1.100750000
1.108062500
1.115375000
1.123000000
1.130687500
1.137562500
1.146812500
1.154937500
1.163187500
1.171750000
1.180187500
1.188625000
1.197312500
1.206000000
1.215562500
1.224562500
1.234187500
1.243187500
1.252375000
1.261250000
1.270687500
1.279812500
1.287187500
1.296375000
1.305812500
1.316750000
1.324125000
1.333812500
1.342437500
1.409062500
1.415875000
1.423812500
1.431125000
1.437750000
1.443500000
1.452312500
1.459312500
1.466375000
1.491812500
1.502500000
1.509937500
1.517187500
1.524250000
1.531437500
1.538625000
1.546250000
1.553062500
1.560125000
1.567250000
1.574500000
1.581375000
1.588687500
1.595687500
1.602687500
1.609875000
1.617062500
1.623937500
1.631125000
1.638250000
1.645750000
1.654062500
1.661500000
1.678812500
1.685500000
1.693687500
1.701625000
1.709687500
1.717750000
1.725937500
1.734125000
1.742562500
1.751062500
1.759187500
1.767437500
1.773812500
1.782187500
1.791812500
1.802937500
1.811312500
1.839250000
1.846312500
1.855062500
1.864000000
1.872687500
1.881625000
1.890562500
1.899437500
1.908250000
1.917187500
1.924437500
1.933250000
1.942250000
1.951937500
1.962750000
1.972375000
1.981875000
1.992062500
2.002062500
2.012437500
2.022625000
2.031500000
2.044187500
2.053562500
2.064625000
2.075000000
2.087062500
2.099062500
2.110812500
2.123312500
2.136750000
2.148937500
2.162062500
2.177062500
2.191250000
2.208125000
2.225062500
2.239937500
2.260125000
2.267625000
