0.257937500
0.266000000
0.272875000
0.280750000
0.287312500
0.294500000
0.301562500
0.308750000
0.315937500
0.322937500
0.330125000
0.337437500
0.344687500
0.352000000
0.359375000
0.366687500
0.373937500
0.381250000
0.388437500
0.395625000
0.402937500
0.410062500
0.417187500
0.424250000
0.431312500
0.438312500
0.445312500
0.452250000
0.459187500
0.466062500
0.473000000
0.479875000
0.486812500
0.493687500
0.500562500
0.507437500
0.514437500
0.521500000
0.528625000
0.536000000
0.543562500
0.551250000
0.558875000
0.566437500
0.574187500
0.582062500
0.589750000
0.597312500
0.654187500
0.663125000
0.671312500
0.679562500
0.687812500
0.695812500
0.704250000
0.712312500
0.720437500
0.728687500
0.736875000
0.745250000
0.753562500
0.761750000
0.770000000
0.778000000
0.785937500
0.793750000
0.801625000
0.809312500
0.817000000
0.824687500
0.832312500
0.840187500
0.847937500
0.855687500
0.863437500
0.871187500
0.879062500
0.887000000
0.895062500
0.903312500
0.911500000
0.919875000
0.928250000
0.936875000
0.945375000
0.954062500
0.962937500
0.971750000
0.980750000
0.990000000
0.999125000
1.008375000
1.017625000
1.027000000
1.036375000
1.045937500
1.055187500
1.064250000
1.073312500
1.082250000
1.091937500
1.267562500
1.275750000
1.283812500
1.291687500
1.299625000
1.307625000
1.315562500
1.323437500
1.331375000
1.339187500
1.347062500
1.355062500
1.362875000
1.371000000
1.379062500
1.387187500
1.395437500
1.403750000
1.412250000
1.420750000
1.429375000
1.438125000
1.447062500
1.456062500
1.465062500
1.473875000
1.482062500
1.490375000
1.555937500	
1.567812500
1.571687500
1.581437500
1.590000000
1.597875000
1.606687500
1.614750000
1.623312500
1.631625000
1.640125000
1.648687500
1.657375000
1.666187500
1.675125000
1.684187500
1.693250000
1.702062500
1.710937500
1.720125000
1.728812500
1.737687500
1.746500000
1.755187500
1.763875000
1.772437500
1.781125000
1.790062500
1.798937500
1.908250000
1.916812500
1.924437500
1.932375000
1.940312500
1.948500000
1.956812500
1.965125000
1.973562500
1.982250000
1.990500000
1.999250000
2.007125000
2.015437500
2.023937500
2.032750000
2.042312500
2.051687500
2.061375000
2.070812500
2.079437500
2.088000000
2.096812500
2.105437500
2.114000000
2.274250000
2.282875000
2.292125000
2.301187500
2.309937500
2.318500000
2.327500000
2.336812500
2.346312500
2.356187500
2.366500000
2.376937500
2.387687500
2.398437500
2.409062500
2.419750000
2.430812500
2.440812500
2.452937500
2.462875000
2.474187500
2.486187500
2.496250000
2.516187500
2.522812500
