0.223437500
0.290000000
0.298125000
0.306625000
0.314750000
0.322750000
0.330750000
0.338625000
0.346812500
0.354687500
0.362562500
0.370500000
0.378375000
0.386125000
0.393875000
0.401625000
0.409312500
0.416750000
0.423875000
0.431250000
0.438375000
0.445500000
0.452562500
0.459625000
0.466562500
0.473562500
0.480562500
0.487562500
0.494625000
0.501875000
0.509375000
0.516937500
0.612500000
0.619125000
0.625875000
0.632687500
0.639437500
0.646312500
0.653375000
0.660375000
0.667500000
0.674625000
0.681875000
0.689187500
0.696687500
0.705187500
0.713000000
0.820562500
0.827875000
0.835187500
0.842250000
0.849187500
0.856625000
0.863812500
0.871312500
0.878875000
0.886625000
0.894625000
0.900437500
0.972062500
0.980750000
0.990187500
0.999875000
1.010187500
1.020625000
1.029875000
1.040500000
1.046000000
1.049812500
1.060125000
1.069062500
1.078750000
1.088312500
1.097875000
1.107375000
1.116937500
1.126437500
1.136062500
1.145625000
1.154937500
1.164000000
1.172875000
1.181500000
1.189937500
1.198062500
1.206562500
1.214750000
1.222812500
1.230812500
1.238812500
1.246687500
1.254562500
1.262437500
1.270250000
1.278375000
1.286250000
1.293937500
1.302062500
1.310250000
1.318625000
1.327312500
1.336000000
1.344750000
1.353750000
1.362812500
1.372000000
1.381750000
1.391187500
1.400687500
1.411125000
1.417375000
1.429250000
1.501625000
1.510750000
1.520187500
1.529562500
1.538000000
1.547000000
1.556250000
1.565812500
1.575875000
1.585750000
1.595687500
1.605562500
1.615312500
1.624875000
1.634125000
1.643625000
1.652562500
1.661812500
1.671250000
1.680187500
1.696562500
1.709000000
1.808937500
1.816312500
1.823625000
1.830937500
1.838312500
1.846125000
1.853687500
1.861500000
1.869562500
1.877937500
1.886937500
1.895937500
2.014062500
2.023250000
2.033687500
2.044250000
2.054812500
2.065437500
2.076437500
2.088000000
2.099000000
2.109937500
2.120875000
2.131750000
2.138562500
2.238250000
2.245000000
2.256937500
2.268375000
2.274875000
2.382812500
2.390062500
2.399500000
2.408187500
2.416875000
2.425687500
2.434562500
2.443437500
2.452437500
2.461812500
2.472125000
2.482000000
2.607250000
2.622437500
2.632812500
2.640500000
2.649375000
2.658000000
2.666625000
2.675437500
2.684312500
2.693500000
2.702812500
2.712437500
2.722125000
2.732062500
2.742187500
2.752375000
2.762687500
2.773375000
2.784437500
2.796000000
2.808500000
2.861875000
2.886000000
2.897000000
2.909812500
2.917687500
