0.015437500	
0.218062500
0.225875000
0.233687500
0.241625000
0.249812500
0.257937500
0.266312500
0.274750000
0.283187500
0.291687500
0.300375000
0.308562500
0.316562500
0.324500000
0.332250000
0.340750000
0.347812500
0.355625000
0.363312500
0.371500000
0.379000000
0.386562500
0.394125000
0.402187500
0.410125000
0.418500000
0.426437500
0.434250000
0.442062500
0.449812500
0.457812500
0.466000000
0.473875000
0.481375000
0.489000000
0.496625000
0.504437500
0.512312500
0.520062500
0.527562500
0.535062500
0.542500000
0.550000000
0.588875000
0.595750000
0.602875000
0.609937500
0.617250000
0.624250000
0.631437500
0.638437500
0.645500000
0.652437500
0.659437500
0.666312500
0.673250000
0.680500000
0.687375000
0.694875000
0.701937500
0.708687500
0.837000000
0.843000000
0.849437500
0.855875000
0.863000000
0.869875000
0.876437500
0.882812500
0.889125000
0.895437500
0.901687500
0.907937500
0.914375000
0.920875000
0.927687500
0.934437500
0.941312500
0.948250000
0.955125000
0.962000000
0.969000000
0.976312500
0.983812500
0.991687500
0.999125000
1.078875000
1.087937500
1.096687500
1.106000000
1.115250000
1.124750000
1.134500000
1.144250000
1.154437500
1.165062500
1.175437500
1.185937500
1.196562500
1.207062500
1.217375000	
1.227937500	
1.238875000	
1.249375000	
1.260125000	
1.270250000
1.280000000
1.288312500
1.302500000
1.311437500	
1.392250000	
1.414750000	
1.422875000	
1.432625000
1.440750000
1.448875000
1.456812500
1.464687500
1.472500000
1.480312500
1.488187500
1.496125000
1.504000000
1.511937500
1.519875000
1.527937500
1.535937500
1.544000000
1.552125000
1.560187500
1.568437500
1.576625000
1.584875000
1.592812500
1.600687500
1.608437500
1.616062500
1.623625000
1.631125000
1.638500000
1.645750000
1.652937500
1.660000000
1.666750000
1.673625000
1.680375000
1.687125000
1.693937500
1.700812500
1.707812500
1.715125000
1.722750000
1.729687500
1.836687500
1.845000000
1.852937500
1.861062500
1.869187500
1.877437500
1.885625000
1.894000000
1.902562500
1.911250000
1.919937500
1.928687500
1.937375000
1.946125000
1.954750000
1.963437500
1.972125000
1.980937500
1.989875000
1.998875000
2.007937500
2.017750000
2.026812500
2.036687500
2.046937500
2.056750000
2.066437500
2.076062500
2.085562500
2.095062500
2.104750000
2.114500000
2.124250000
2.132562500
2.141812500
2.151125000
2.160687500
2.170125000
2.179687500
2.189125000
2.198750000
2.208375000
2.218062500
2.228125000
2.238437500
2.248937500
2.259937500
2.271187500
2.282875000
2.295562500
2.308937500	
2.324062500	
2.331562500	
2.349687500	
2.378812500	
2.423500000	
