0.244950
0.249450
0.252638
0.260575
0.265138
0.268388
0.276012
0.283700
0.291200
0.298575
0.305825
0.312950
0.320075
0.327200
0.334388
0.341575
0.348763
0.356075
0.363450
0.370950
0.378638
0.386512
0.391325
0.394888
0.399637
0.403200
0.408075
0.411825
0.416637
0.420325
0.425325
0.429325
0.434450
0.439138
0.445512
0.448950
0.455325
0.459263
0.465763
0.469825
0.475637
0.481075
0.487013
0.490700
0.500138
0.508950
0.739200
0.745012
0.750888
0.758387
0.766262
0.773763
0.781700
0.789825
0.798013
0.806450
0.814763
0.823200
0.831075
0.838762
0.846450
0.854450
0.862450
0.870387
0.878325
0.886262
0.894075
0.901763
0.909388
0.917013
0.924575
0.931638
1.062637
1.069450
1.076450
1.083575
1.090762
1.097950
1.105075
1.112200
1.119325
1.126512
1.133575
1.140825
1.148012
1.155200
1.162512
1.169888
1.177325
1.184825
1.192387
1.200012
1.207575
1.215200
1.222763
1.230450
1.238137
1.245825
1.253450
1.261012
1.268575
1.276137
1.283700
1.291325
1.298950
1.306575
1.314262
1.321950
1.329637
1.337325
1.345012
1.352825
1.360700
1.368387
1.375825
1.383388
1.422075
1.429762
1.437138
1.444450
1.451762
1.459012
1.466325
1.473887
1.481325
1.488825
1.496200
1.503638
1.511012
1.518450
1.526013
1.533575
1.541263
1.549075
1.553700
1.556950
1.561450
1.564888
1.569575
1.573012
1.577887
1.581387
1.586700
1.589887
1.595200
1.598575
1.603950
1.607200
1.612575
1.615825
1.624262
1.629763
1.633013
1.640512
1.746262
1.751137
1.754388
1.762013
1.767387
1.770762
1.778325
1.784075
1.787387
1.795575
1.804012
1.812262
1.820700
1.826387
1.829700
1.834888
1.838387
1.843575
1.846762
1.852012
1.855262
1.860325
1.863763
1.869137
1.872325
1.877637
1.880950
1.886200
1.889637
1.894575
1.898512
1.903950
1.907950
1.913575
1.976012
1.982700
1.991138
1.999137
2.007325
2.012450
2.015700
2.020763
2.023950
2.028825
2.032325
2.037200
2.040638
2.045575
2.048950
2.053762
2.057200
2.062013
2.065387
2.070138
2.073450
2.078200
2.081450
2.089263
2.097138
2.104950
2.112575
2.120513
2.128575
2.136638
2.144950
2.153950
2.161200
2.253388
2.258950
2.266388
2.270825
2.276075
2.280325
2.286075
2.290638
2.307012
2.318138
2.329513
2.335200
2.352450
2.359325
2.365512
2.379138
