0.235562500
0.243062500
0.250187500
0.257187500
0.264500000
0.271250000
0.278125000
0.285000000
0.291625000
0.298312500
0.304812500
0.311187500
0.317625000
0.324125000
0.330687500
0.337187500
0.343500000
0.350000000
0.356375000
0.362625000
0.368812500
0.375125000
0.381562500
0.388000000
0.394687500
0.401437500
0.516875000
0.523812500
0.531000000
0.538750000
0.546312500
0.553750000
0.561687500
0.569250000
0.576937500
0.584812500
0.592750000
0.600812500
0.608562500
0.616687500
0.624937500
0.632875000
0.641000000
0.649125000
0.657187500
0.665437500
0.673812500
0.681750000
0.690062500
0.697937500
0.705937500
0.713937500
0.721937500
0.729687500
0.737375000
0.745187500
0.753125000
0.760937500
0.880437500
0.886625000
0.893937500
0.900937500
0.908187500
0.915375000
0.922937500
0.930250000
0.937500000
0.945125000
0.952437500
0.959875000
0.967437500
0.974750000
0.982375000
0.990250000
0.997937500
1.005812500
1.013562500
1.021187500
1.029000000
1.036500000
1.044062500
1.051500000
1.059250000
1.067250000
1.075062500
1.082875000
1.090937500
1.098687500
1.106625000
1.114437500
1.122375000
1.129437500
1.137250000
1.145500000
1.153375000
1.161062500
1.169062500
1.176875000
1.184500000
1.192562500
1.200625000
1.208312500
1.216375000
1.224437500
1.232437500
1.240937500
1.249375000
1.257687500
1.349375000
1.357125000
1.364500000
1.372875000
1.380812500
1.388687500
1.396375000
1.404687500
1.413000000
1.422000000
1.431375000
1.440312500
1.459000000
1.464687500
1.470812500
1.478187500
1.486187500
1.494125000
1.502125000
1.510250000
1.518625000
1.527187500
1.535937500
1.544500000
1.553437500
1.562250000
1.571250000
1.579875000
1.588625000
1.594875000
1.601062500
1.606375000
1.610937500
1.618437500
1.626812500
1.635000000
1.643375000
1.651687500
1.661437500
1.670375000
1.679062500
1.688000000
1.697187500
1.706250000
1.714750000
1.725250000
1.735312500
1.745625000
1.756687500
1.767937500
1.780000000
1.793000000
1.802625000	
1.817187500	
1.833125000	
1.850187500	
1.868000000	
1.884000000
1.892500000
