0.263812500
0.271000000
0.278125000
0.284875000
0.291812500
0.298812500
0.305875000
0.313000000
0.320250000
0.327500000
0.334750000
0.342062500
0.349500000
0.357000000
0.364625000
0.372250000
0.379875000
0.387437500
0.394875000
0.402312500
0.409500000
0.416750000
0.424062500
0.431312500
0.438687500
0.445937500
0.453250000
0.460562500
0.468000000
0.475687500
0.483437500
0.491250000
0.499500000
0.507562500
0.515625000
0.523562500
0.531687500
0.540062500
0.548187500
0.556187500
0.564187500
0.572187500
0.580000000
0.588437500
0.595750000
0.603312500
0.610875000
0.618312500
0.625812500
0.633125000
0.640250000
0.647250000
0.654250000
0.661125000
0.668125000
0.675125000
0.681937500
0.688687500
0.695562500
0.702250000
0.709125000
0.715750000
0.722437500
0.729125000
0.735625000
0.742437500
0.749125000
0.755875000
0.762687500
0.769500000
0.776437500
0.783437500
0.790562500
0.797750000
0.805437500
0.813437500
0.822250000
0.831062500
0.837500000
0.847375000
0.855500000
0.863562500
0.871625000
0.880062500
0.888125000
0.896437500
0.905000000
0.914187500
0.923625000
0.933312500
0.939375000
0.949062500
0.958812500
0.965750000
0.974250000
0.982875000
0.991312500
0.999937500
1.008562500
1.017312500
1.026437500
1.035000000
1.043000000
1.051312500
1.059812500
1.068187500
1.076500000
1.084812500
1.093000000
1.101250000
1.109500000
1.117750000
1.125937500
1.134375000
1.142562500
1.150812500
1.159000000
1.167250000
1.175687500
1.183937500
1.192375000
1.200812500
1.209187500
1.217562500
1.225937500
1.234437500
1.242875000
1.251250000
1.259437500
1.267625000
1.275875000
1.284125000
1.292312500
1.300625000
1.308875000
1.317312500
1.325812500
1.334187500
1.342875000
1.351562500
1.360562500
1.369437500
1.378625000
1.388062500
1.397312500
1.406750000
1.416312500
1.425500000
1.435187500
1.445250000
1.455000000
1.465125000
1.475312500
1.485562500
1.495875000
1.506312500
1.516687500
1.527187500
1.537500000
1.547812500
1.558375000
1.569312500
1.577000000
