0.103125000	
0.239187500	
0.246312500
0.253500000
0.260750000
0.268687500
0.276625000
0.284687500
0.292687500
0.300562500
0.308187500
0.315437500
0.321875000
0.379062500
0.386937500
0.394812500
0.402562500
0.410125000
0.417687500
0.425500000
0.433250000
0.440875000
0.448437500
0.455875000
0.462937500
0.469937500
0.476750000
0.483750000
0.490625000
0.497500000
0.503687500
0.510812500
0.517562500
0.524187500
0.530875000
0.536500000
0.543562500
0.550000000
0.556500000
0.562875000
0.569375000
0.575750000
0.582125000
0.588500000
0.594937500
0.601312500
0.607750000
0.614187500
0.620687500
0.627187500
0.633750000
0.640000000
0.646750000
0.653875000
0.660812500
0.667812500
0.674937500
0.682250000
0.689312500
0.696312500
0.703437500
0.710500000
0.717562500
0.724437500
0.731500000
0.738500000
0.745625000
0.752375000
0.759250000
0.766937500
0.773375000
0.780625000
0.787687500
0.795000000
0.802125000
0.809562500
0.817812500
0.825000000
0.832562500
0.840125000
0.847562500
0.855312500
0.863125000
0.871875000
0.879437500
0.887312500
0.930625000
0.937687500
0.945312500
0.952937500
0.960625000
0.968250000
0.975750000
0.983500000
0.991000000
0.998687500
1.006062500
1.014562500
1.132375000
1.139562500
1.146937500
1.154250000
1.161437500
1.168687500
1.175500000
1.182875000
1.190250000
1.198312500
1.205812500
1.213312500
1.221000000
1.228687500
1.236625000
1.244625000
1.252750000
1.261000000
1.269437500
1.277937500
1.286500000
1.295250000
1.303812500
1.312562500
1.320750000
1.330625000
1.339125000
1.348687500
1.359000000
1.366500000
1.375125000
1.385062500
1.395000000
1.405062500
1.415187500
1.425375000
1.435500000
1.445437500
1.455312500
1.465000000
1.474062500
1.482312500
1.492500000
1.599312500
1.611437500
1.622750000
1.635500000
1.649312500
1.663937500	
1.680062500	
1.697125000	
1.715625000	
1.734875000	
1.751062500	
1.767062500	
1.782625000	
1.805750000	
1.826000000	
1.835750000	
