0.240875000
0.247750000
0.255250000
0.262625000
0.269750000
0.276812500
0.283750000
0.290625000
0.297562500
0.304437500
0.311437500
0.318312500
0.325312500
0.332375000
0.339875000
0.347625000
0.355375000
0.363125000
0.370875000
0.378562500
0.386187500
0.393750000
0.401250000
0.408750000
0.416062500
0.423312500
0.430437500
0.437500000
0.444562500
0.451625000
0.458812500
0.466000000
0.473250000
0.480500000
0.487750000
0.495000000
0.502312500
0.509500000
0.516875000
0.524125000
0.531312500
0.538500000
0.545750000
0.553000000
0.560187500
0.567312500
0.574375000
0.581375000
0.588312500
0.595125000
0.601937500
0.608500000
0.615187500
0.621750000
0.628187500
0.634562500
0.640937500
0.647062500
0.653312500
0.659562500
0.665812500
0.672187500
0.678625000
0.685187500
0.692062500
0.699062500
0.706187500
0.713250000
0.720625000
0.728125000
0.735750000
0.743687500
0.751750000
0.760312500
0.768875000
0.777562500
0.786250000
0.795187500
0.804000000
0.812750000
0.821625000
0.830187500
0.839125000
0.848187500
0.857375000
0.866812500
0.876000000
0.968437500
0.976125000
0.983875000
0.991562500
0.999375000
1.007062500
1.014625000
1.022625000
1.030562500
1.038687500
1.046812500
1.054875000
1.062937500
1.070937500
1.079000000
1.087125000
1.095437500
1.103812500
1.112250000
1.120687500
1.129312500
1.138250000
1.147562500
1.220750000
1.228250000
1.236250000
1.244437500
1.252625000
1.260937500
1.269312500
1.277687500
1.286125000
1.294625000
1.303250000
1.311875000
1.320562500
1.329250000
1.337937500
1.346500000
1.354875000
1.363312500
1.372062500
1.381187500
1.390000000
1.504000000
1.510875000
1.517625000
1.524500000
1.531437500
1.538437500
1.545500000
1.552625000
1.559875000
1.567312500
1.574812500
1.582562500
1.590375000
1.598437500
1.606875000
1.615500000
1.625500000
1.635312500
1.734625000
1.745000000
1.755000000
1.764812500
1.774437500
1.784187500
1.794000000
1.803875000
1.813875000
1.823750000
1.833312500
1.843437500
1.853250000
1.863000000
1.873187500
1.883062500
1.893125000
1.902562500
1.912437500
1.922562500
1.932187500
1.941562500
1.951375000
1.960812500
1.970500000
1.978937500
2.077687500
2.085625000
2.093687500
2.101687500
2.109750000
2.117875000
2.126062500
2.134375000
2.142750000
2.151375000
2.159937500
2.169312500
2.178875000
2.188687500
2.198562500
2.209000000
2.219750000
2.230750000
2.242937500
2.254937500
2.259812500
2.272312500
2.285250000
2.298562500
2.311437500
2.324625000
2.342562500
2.354375000
2.365187500
