0.180875000
0.231812500
0.240312500
0.248750000
0.257062500
0.266125000
0.274625000
0.283312500
0.292000000
0.301062500
0.309562500
0.318437500
0.327187500
0.335937500
0.344437500
0.353000000
0.361750000
0.370125000
0.378500000
0.386937500
0.395187500
0.403187500
0.411062500
0.418625000
0.425625000
0.432687500
0.439625000
0.446375000
0.452625000
0.459125000
0.465687500
0.472187500
0.478625000
0.485312500
0.491812500
0.498687500
0.505500000
0.512187500
0.652187500
0.659312500
0.667062500
0.674750000
0.682687500
0.691062500
0.699625000
0.708062500
0.716687500
0.725312500
0.734125000
0.742687500
0.751437500
0.760312500
0.769187500
0.778187500
0.787250000
0.796312500
0.805437500
0.814562500
0.823750000
0.832937500
0.842312500
0.851937500
0.861250000
0.870312500
0.879437500
0.888437500
0.897437500
0.906500000
0.915500000
0.924375000
0.931937500
1.067312500
1.074937500
1.083000000
1.090937500
1.097937500
1.105687500
1.113375000
1.121062500
1.128625000
1.136187500
1.143625000
1.151000000
1.158312500
1.165500000
1.173187500
1.180500000
1.187937500
1.196250000
1.204125000
1.340187500
1.348500000
1.357500000
1.366500000
1.375562500
1.384750000
1.393750000
1.402875000
1.412062500
1.421250000
1.430375000
1.439500000
1.448750000
1.458187500
1.467437500
1.476875000
1.486437500
1.495937500
1.505625000
1.515312500
1.524812500
1.534437500
1.544062500
1.553687500
1.563375000
1.572937500
1.582687500
1.592375000
1.601937500
1.611437500
1.620625000
1.630000000
1.638937500
1.648375000
1.656937500
1.666312500
1.678437500
1.786062500
1.793875000
1.802687500
1.811437500
1.820062500
1.828812500
1.837812500
1.846812500
1.855937500
1.865062500
1.874125000
1.883375000
1.892812500
1.902437500
1.912937500
1.923500000
1.957125000
1.967375000
1.979125000
1.990250000
2.001625000
2.012562500
2.022750000
2.032687500
2.208125000
2.217250000
2.227125000
2.236375000
2.245750000
2.256312500
2.263250000
2.378437500
2.386000000
2.394562500
2.402625000
2.410687500
2.418750000
2.427000000
2.435312500
2.443687500
2.452187500
2.460687500
2.469250000
2.477875000
2.486562500
2.495187500
2.504250000
2.512500000
2.590062500
2.597812500
2.605750000
2.613875000
2.621937500
2.630312500
2.638687500
2.647125000
2.655437500
2.663875000
2.672250000
2.680625000
2.689062500
2.697562500
2.706375000
2.715187500
2.724500000
2.733437500
2.751750000
2.758000000
2.763500000
2.770312500
2.780687500
2.790562500
2.801375000
2.812375000
2.823312500
2.834875000
2.847062500
2.860062500
2.873500000
2.888125000
2.903875000
2.920187500
2.935937500
2.952062500
2.967062500
2.983375000
3.050937500
3.057687500
3.089750000
