0.231813
0.237438
0.240750
0.248938
0.254063
0.257313
0.262625
0.265875
0.271188
0.274438
0.283000
0.291625
0.300250
0.305563
0.308812
0.314063
0.317500
0.322813
0.326250
0.332000
0.335250
0.341000
0.344187
0.349875
0.353312
0.359063
0.362312
0.371000
0.376437
0.379688
0.384875
0.388437
0.394000
0.397188
0.402313
0.405938
0.411438
0.414625
0.420187
0.423438
0.428938
0.432250
0.437688
0.441000
0.446437
0.450125
0.459500
0.464375
0.550500
0.557500
0.564375
0.571438
0.578688
0.585750
0.592875
0.600375
0.607812
0.615313
0.622750
0.630188
0.637625
0.645062
0.652500
0.659937
0.667250
0.674562
0.681875
0.689125
0.696375
0.703500
0.710688
0.717938
0.724938
0.731938
0.738875
0.745938
0.753000
0.760062
0.767125
0.774000
0.781125
0.788250
0.795375
0.802625
0.809937
0.817625
0.825812
0.833438
0.962437
0.969938
0.977563
0.985062
0.992563
1.000125
1.007750
1.012438
1.015625
1.020438
1.023625
1.031688
1.036437
1.039750
1.047625
1.055750
1.063938
1.072188
1.080313
1.085250
1.088563
1.096750
1.101563
1.105000
1.113250
1.118313
1.121563
1.126813
1.130000
1.135250
1.138500
1.143688
1.147063
1.152250
1.155625
1.160625
1.164125
1.169125
1.172688
1.177688
1.181188
1.186438
1.189625
1.194813
1.198125
1.203375
1.206625
1.211937
1.215125
1.220063
1.223625
1.228813
1.232063
1.237250
1.240563
1.245688
1.249000
1.253937
1.257313
1.262500
1.265750
1.270938
1.274125
1.279250
1.282437
1.290875
1.299438
1.308000
1.316812
1.326125
1.334625
1.420250
1.426688
1.434625
1.442687
1.450813
1.455813
1.459125
1.464188
1.467438
1.472563
1.475937
1.481062
1.484500
1.489750
1.493000
1.498188
1.501562
1.506625
1.510000
1.515187
1.518438
1.523562
1.526938
1.531938
1.535438
1.540437
1.543875
1.549125
1.552375
1.557687
1.560875
1.566125
1.569313
1.574437
1.577687
1.586125
1.594438
1.602750
1.611125
1.619563
1.628187
1.636875
1.680438
1.688375
1.696000
1.704375
1.712938
1.721375
1.726813
1.730438
1.737000
1.744063
1.751937
1.758938
1.765125
1.772313
1.779250
1.787000
1.795125
1.803250
1.811500
1.819875
1.825188
1.828375
1.836813
1.845375
1.850750
1.853938
1.859375
1.862562
1.868063
1.871250
1.876688
1.880187
1.885625
1.889125
1.894813
1.898063
1.903625
1.907250
1.912938
1.916500
1.922187
1.925563
1.931437
1.934875
1.940625
1.944125
1.949938
1.953188
1.959188
1.962563
1.968125
1.971625
1.977438
1.981062
1.987250
1.990438
1.996188
1.999813
2.005250
2.009313
2.014625
2.018625
2.024500
2.028188
2.034187
2.037500
2.042937
2.047000
2.052563
2.056625
2.062500
2.066438
2.076750
2.183625
2.194313
2.204063
2.213625
2.222688
2.231562
2.240438
2.246125
2.249563
2.255250
2.258750
2.264500
2.268063
2.273687
2.277563
2.283375
2.287187
2.293250
2.296688
2.302437
2.306250
2.316000
2.325500
2.334312
2.343375
2.352063
2.360937
2.369125
2.462250
2.470063
2.478687
2.483563
2.487375
2.492812
2.496000
2.504625
2.510250
2.513438
2.521937
2.527375
2.530750
2.536563
2.539875
2.545812
2.549125
2.554750
2.558125
2.563813
2.567125
2.572312
2.576312
2.653563
2.660250
2.668687
2.674062
2.678187
2.683625
2.687562
2.692875
2.697062
2.706375
2.715375
2.724813
2.734375
2.744250
2.831875
2.840562
2.855250
2.864937
2.874750
2.884313
2.894125
2.904187
2.914500
2.924812
2.929937
2.935563
2.940750
2.945875
2.951312
2.962250
2.968000
2.977625
2.982875
3.005438
3.030500
3.035750
3.075188
3.083687
3.120750
