0.274750000
0.281562500
0.287687500
0.293937500
0.300125000
0.306125000
0.312375000
0.318625000
0.325000000
0.331687500
0.338562500
0.345812500
0.353437500
0.361562500
0.369937500
0.378187500
0.386437500
0.394562500
0.402687500
0.410812500
0.418812500
0.427000000
0.435187500
0.442812500
0.450375000
0.457687500
0.465062500
0.472375000
0.479812500
0.487250000
0.495187500
0.503250000
0.511812500
0.520062500
0.527937500
0.536062500
0.544250000
0.552625000
0.561062500
0.569437500
0.578062500
0.586937500
0.595625000
0.604500000
0.613625000
0.622687500
0.631625000
0.675562500
0.682875000
0.690875000
0.698562500
0.706437500
0.714250000
0.721937500
0.729687500
0.737125000
0.744500000
0.751687500
0.758812500
0.765937500
0.773062500
0.779687500
0.786687500
0.793437500
0.800125000
0.806937500
0.813750000
0.820625000
0.827625000
0.834750000
0.842125000
0.849125000
0.958687500
0.965687500
0.972062500
0.978562500
0.985062500
0.991562500
0.998187500
1.004937500
1.011687500
1.018562500
1.025437500
1.032437500
1.039562500
1.046812500
1.054187500
1.061562500
1.069125000
1.077000000
1.085062500
1.093250000
1.115625000
1.122687500
1.129875000
1.137312500
1.144812500
1.152500000
1.160437500
1.168375000
1.175937500
1.183250000
1.191250000
1.198687500
1.206187500
1.213875000
1.221500000
1.229125000
1.236750000
1.244500000
1.252125000
1.259750000
1.267312500
1.274937500
1.282562500
1.290250000
1.297687500
1.305125000
1.312687500
1.320250000
1.327812500
1.335500000
1.343250000
1.351062500
1.359250000
1.367312500
1.375562500
1.383812500
1.392187500
1.400375000
1.408250000
1.416812500
1.424312500
1.431875000
1.439437500
1.446750000
1.454250000
1.461812500
1.469500000
1.477312500
1.485250000
1.493375000
1.502000000
1.511000000
1.520187500
1.529562500
1.539250000
1.549250000
1.559000000
1.566812500
1.578937500
1.587812500
1.593625000
1.608812500
1.620937500
1.630250000
1.643562500
1.653500000
1.664875000
1.675875000
1.685875000
1.696625000
1.706250000
1.716250000
1.726062500
1.736375000
1.747312500	
1.758312500	
1.769000000	
1.780500000	
1.791937500	
1.802812500
1.812562500
1.821312500
1.829687500
1.837875000
1.846000000
1.854062500
1.862000000
1.870375000
1.880250000
1.887500000
1.936250000
1.946000000
1.955750000
1.965500000
1.975187500
1.984687500
1.993437500
2.002375000
2.011250000
2.020187500
2.029187500
2.038125000
2.047187500
2.056187500
2.065125000
2.074000000
2.082750000
2.091375000
2.100125000
2.108937500
2.117750000
2.126625000
2.135562500
2.144562500
2.153687500
2.162875000
2.172500000
2.181875000
2.191812500
2.201500000
2.211937500
2.222312500
2.232812500
2.243125000
2.254812500
2.265437500
2.274937500	
2.290562500	
2.312312500	
2.339250000
