0.230562500
0.238000000
0.245625000
0.253000000
0.259812500
0.266500000
0.274000000
0.281625000
0.288812500
0.297437500
0.304937500
0.312437500
0.319937500
0.327312500
0.334687500
0.341750000
0.349125000
0.356562500
0.364000000
0.371375000
0.378750000
0.386062500
0.393375000
0.400687500
0.408000000
0.415312500
0.422562500
0.429875000
0.437187500
0.444312500
0.451562500
0.458875000
0.466250000
0.473375000
0.480625000
0.487875000
0.495187500
0.502375000
0.509562500
0.516937500
0.524312500
0.531625000
0.538875000
0.546000000
0.553187500
0.560250000
0.567312500
0.574375000
0.581312500
0.588187500
0.595062500
0.601875000
0.608750000
0.615500000
0.622125000
0.628812500
0.635437500
0.642125000
0.648750000
0.655375000
0.662000000
0.668562500
0.675125000
0.681625000
0.688062500
0.694562500
0.701000000
0.707500000
0.714000000
0.720562500
0.727062500
0.733562500
0.740062500
0.746500000
0.753000000
0.759500000
0.766000000
0.772562500
0.779125000
0.785687500
0.792250000
0.798812500
0.805375000
0.812000000
0.818625000
0.825187500
0.831875000
0.838562500
0.845375000
0.852250000
0.859125000
0.865812500
0.872937500
0.880000000
0.887125000
0.894312500
0.901562500
0.908937500
0.916437500
0.924000000
0.931625000
0.939500000
0.947500000
0.956312500
0.963125000
1.041500000
1.049500000
1.057062500
1.064687500
1.072250000
1.079812500
1.087312500
1.094875000
1.102312500
1.109750000
1.117187500
1.124562500
1.131937500
1.139500000
1.147687500
1.153687500
1.167562500
1.214062500
1.221625000
1.229062500
1.236437500
1.243875000
1.250000000
1.258875000
1.266437500
1.274000000
1.281625000
1.289312500
1.296875000
1.304500000
1.312000000
1.319500000
1.327000000
1.334437500
1.341875000
1.349187500
1.356375000
1.363625000
1.370812500
1.377937500
1.385125000
1.392375000
1.399625000
1.406937500
1.414250000
1.421625000
1.429062500
1.436562500
1.444125000
1.451812500
1.459625000
1.467750000
1.475812500
1.484062500
1.492437500
1.500812500
1.509375000
1.517937500
1.526750000
1.535562500
1.544625000
1.554312500
1.561812500
1.569562500
1.578125000
1.589312500
1.597125000
1.605812500
1.614500000
1.623812500
1.633312500
1.644875000
1.650875000
1.654375000
1.661375000
1.671812500
1.681937500
1.690937500
1.700812500
1.712125000
1.724250000
1.731750000
1.742000000
1.752125000
1.763937500
1.774625000
1.784187500
1.795187500
1.803812500
1.814500000
1.826500000
1.837250000
1.847625000
1.857875000
1.867875000
1.877062500
1.887437500
1.897187500
1.906187500
1.913562500
2.020562500
2.029250000
2.040375000
2.050062500
2.058812500
2.067625000
2.077875000
2.087562500
2.098937500
2.109562500
2.121312500
2.132937500
2.144250000
2.156687500
2.167187500
2.181125000
2.190000000
2.202062500
2.209750000
2.224625000
