0.227763
0.235450
0.240888
0.244762
0.249575
0.253138
0.258325
0.262200
0.267200
0.270450
0.275512
0.279263
0.284513
0.287763
0.292950
0.296513
0.301825
0.305200
0.310387
0.314013
0.319263
0.322825
0.328138
0.331763
0.337012
0.340637
0.345637
0.349575
0.354888
0.358450
0.363513
0.367387
0.372513
0.376200
0.381450
0.384950
0.390388
0.393763
0.399200
0.402388
0.407825
0.411075
0.416513
0.419700
0.424950
0.428325
0.433575
0.436825
0.442138
0.445325
0.450888
0.454138
0.459700
0.463388
0.471950
0.480137
0.487513
0.494450
0.501200
0.507387
0.526075
0.533450
0.537637
0.541075
0.548325
0.555450
0.562450
0.569450
0.576200
0.583013
0.589950
0.596638
0.603387
0.610075
0.616825
0.623450
0.630138
0.636825
0.642763
0.649513
0.655763
0.662075
0.668388
0.674763
0.681325
0.687887
0.694887
0.702263
0.709137
0.716825
0.724075
0.731450
0.738263
0.745325
0.752888
0.760200
0.767700
0.775513
0.783700
0.792325
0.798138
0.801450
0.807575
0.810887
0.816950
0.820700
0.826575
0.830137
0.836013
0.839700
0.845700
0.849450
0.855075
0.859450
0.865075
0.869387
0.875075
0.879763
0.885325
0.890075
0.896138
0.900700
0.905887
0.911388
0.916512
0.922138
0.927388
0.933700
0.939013
0.944825
0.950700
0.956137
0.964638
0.980950
1.168325
1.175888
1.185575
1.194825
1.200262
1.203700
1.209262
1.212575
1.218012
1.221513
1.226950
1.230512
1.235762
1.239450
1.244825
1.248262
1.253387
1.256887
1.262262
1.265512
1.270388
1.273887
1.279075
1.282450
1.287200
1.290825
1.295825
1.299137
1.307387
1.315575
1.323637
1.331637
1.336387
1.339637
1.347512
1.355325
1.363200
1.370825
1.378262
1.385637
1.392887
1.400012
1.407013
1.414012
1.420887
1.427825
1.434512
1.441200
1.447950
1.454825
1.461950
1.469387
1.477012
1.584450
1.591325
1.598825
1.605763
1.612512
1.619262
1.625825
1.632575
1.639262
1.646075
1.652825
1.659512
1.666263
1.672950
1.679700
1.686450
1.693200
1.699950
1.706825
1.713700
1.720700
1.727700
1.734763
1.741887
1.749012
1.756200
1.763387
1.770575
1.777825
1.785012
1.792262
1.799512
1.806825
1.814138
1.821450
1.828825
1.836138
1.843450
1.850887
1.858325
1.865763
1.873200
1.880887
1.888700
1.895825
1.911637
1.926137
1.933637
1.940950
1.948200
1.955513
1.962887
1.970262
1.977637
1.985075
1.992575
2.000138
2.007763
2.015513
2.020263
2.023513
2.028513
2.031700
2.036763
2.040075
2.045138
2.048638
2.053762
2.057513
2.062325
2.066388
2.071513
2.075450
2.080450
2.084637
2.089513
2.093825
2.098888
2.103263
2.108200
2.112763
2.117888
2.122263
2.127263
2.131887
2.137138
2.141700
2.146888
2.151575
2.156700
2.161513
2.166888
2.171763
2.176950
2.181888
2.187075
2.191763
2.197262
2.201325
2.206888
2.210575
2.215950
2.219138
2.227263
2.236700
2.275700
2.283888
2.292325
2.301013
2.309700
2.315263
2.318513
2.327263
2.335387
2.343888
2.352325
2.360763
2.370262
2.377512
2.502638
2.510263
2.518388
2.527388
2.532888
2.536325
2.542200
2.545513
2.551200
2.554450
2.559888
2.563138
2.568450
2.571700
2.577012
2.580200
2.585513
2.588763
2.594013
2.597200
2.602575
2.605888
2.610950
2.614388
2.619512
2.622888
2.628075
2.631450
2.636825
2.640013
2.645325
2.648638
2.653763
2.657325
2.662575
2.665950
2.670888
2.674700
2.679888
2.683575
2.688575
2.692450
2.697200
2.701325
2.706888
2.710325
2.715763
2.719513
2.724950
2.728763
2.733763
2.738075
2.743325
2.747638
2.753200
2.757513
2.762575
2.767700
2.773013
2.778325
2.783700
2.789325
2.794575
2.801200
2.806637
2.814075
2.827825
2.842825
2.859700
2.927200
2.933013
2.945013
2.956387
2.964638
