0.277825
0.282575
0.288013
0.292950
0.299388
0.305450
0.311825
0.315200
0.323263
0.328263
0.331512
0.336388
0.339637
0.347825
0.355825
0.363638
0.371763
0.380013
0.388138
0.395950
0.522012
0.528513
0.534763
0.541138
0.547700
0.554450
0.561263
0.568137
0.574888
0.581700
0.588450
0.595200
0.602075
0.608888
0.615762
0.622637
0.629513
0.636513
0.643700
0.651262
0.659262
0.666763
0.673700
0.680638
0.700762
0.707638
0.715450
0.722513
0.729888
0.737450
0.745012
0.752700
0.760450
0.768325
0.776262
0.781075
0.784450
0.792450
0.797325
0.800575
0.805200
0.808700
0.813450
0.816700
0.821512
0.824700
0.829388
0.832638
0.837200
0.840638
0.848575
0.856513
0.864638
0.872825
0.880950
0.888825
0.896763
0.904700
0.978513
0.985387
0.989325
0.992762
0.996513
1.000013
1.007262
1.011137
1.014637
1.021950
1.029387
1.036825
1.044200
1.051575
1.059012
1.066513
1.073950
1.081387
1.088762
1.096262
1.103763
1.111200
1.118700
1.126262
1.133825
1.141512
1.149262
1.157075
1.165012
1.173137
1.182075
1.191637
1.236700
1.245012
1.253575
1.262262
1.268137
1.271450
1.280512
1.288137
1.299950
1.305575
1.311387
1.328200
1.332950
1.340262
1.348575
1.353137
1.356637
1.361450
1.364825
1.369700
1.373325
1.377825
1.381825
1.386387
1.390512
1.394950
1.399200
1.404825
1.408012
1.412512
1.416825
1.422263
1.425637
1.431325
1.434575
1.439513
1.443513
1.449138
1.452450
1.458262
1.461513
1.467138
1.470450
1.475950
1.479262
1.483950
1.487950
1.492700
1.496637
1.502575
1.505762
1.514137
1.613450
1.620825
1.628512
1.632887
1.636200
1.640638
1.643887
1.648325
1.651762
1.656263
1.659762
1.664387
1.667762
1.672263
1.675637
1.683637
1.688325
1.691637
1.696262
1.699513
1.707387
1.712200
1.715387
1.723138
1.730950
1.738700
1.746512
1.754325
1.759325
1.762637
1.767575
1.770825
1.775825
1.779200
1.784200
1.787638
1.792700
1.796200
1.801325
1.805012
1.810075
1.813825
1.819263
1.823012
1.828387
1.832200
1.838075
1.841700
1.845700
1.851262
1.856762
1.861137
1.866950
1.871450
1.876700
1.881262
1.891637
1.907200
1.912450
1.923075
1.933325
1.938950
1.942700
1.948262
1.951513
1.958575
2.223950
2.231388
2.239200
2.247513
2.256263
2.261263
2.265200
2.274575
2.284013
2.293825
2.304263
