0.152437500	
0.226375000
0.235125000
0.243000000
0.250375000
0.257625000
0.264875000
0.271625000
0.279312500
0.286937500
0.294375000
0.302062500
0.304250000	
0.309812500
0.312875000	
0.317750000
0.439625000
0.446250000
0.452375000
0.458625000
0.464750000
0.471125000
0.477312500
0.483500000
0.489937500
0.496500000
0.503062500
0.509750000
0.516500000
0.523437500
0.530687500
0.538000000
0.545437500
0.553187500
0.561062500
0.568875000
0.577062500
0.584937500
0.593625000
0.602062500
0.610562500
0.619125000
0.627937500
0.636875000
0.645437500
0.654625000
0.663312500
0.671875000
0.680625000
0.689187500
0.697875000
0.706562500
0.715187500
0.723875000
0.732562500
0.741375000
0.750437500
0.759437500
0.768437500
0.777562500
0.787437500
0.797125000
0.806250000
0.815312500
0.824312500
0.833250000
0.842125000
0.850937500
0.859312500
0.867687500
0.876062500
0.884750000
0.893375000
0.901125000	
1.022250000
1.029062500
1.035687500
1.042187500
1.048625000
1.055125000
1.061687500
1.068250000
1.074937500
1.081687500
1.088687500
1.095937500
1.103562500
1.111562500
1.119937500	
1.203000000
1.211375000
1.219812500
1.228125000
1.236625000
1.245250000
1.254187500
1.263187500
1.272250000
1.281562500
1.290937500
1.300125000
1.309625000
1.319000000
1.328500000
1.338250000
1.347812500
1.357437500
1.367000000
1.376562500
1.385875000
1.395062500
1.404437500
1.412687500
1.421562500
1.430000000
1.438875000
1.549437500
1.557437500
1.565937500
1.574187500
1.582625000
1.591187500
1.599875000
1.609187500
1.618562500
1.628437500
1.638250000
1.648187500
1.658625000
1.669000000
1.679625000
1.690812500
1.702375000
1.714125000
1.726250000	
1.739250000	
1.744625000
1.764312500	
1.775750000
1.791375000	
1.803625000	
