0.271250000
0.278500000
0.285562500
0.292812500
0.299875000
0.306937500
0.313812500
0.321062500
0.328000000
0.334812500
0.341500000
0.348187500
0.354625000
0.361750000
0.368562500
0.375312500
0.381937500
0.388375000
0.395062500
0.402000000
0.409062500
0.500312500
0.507125000
0.514062500
0.521000000
0.527750000
0.534750000
0.542187500
0.549625000
0.556125000
0.571250000
0.578625000
0.585875000
0.593000000
0.600250000
0.607437500
0.614625000
0.621625000
0.628250000
0.635312500
0.642312500
0.649562500
0.656500000
0.663375000
0.670375000
0.677562500
0.684812500
0.692000000
0.699375000
0.706687500
0.714000000
0.721500000
0.727687500
0.737125000
0.745000000
0.752812500
0.761000000
0.769062500
0.777062500
0.785437500
0.791750000
0.992625000
1.000250000
1.007687500
1.015312500
1.023000000
1.030812500
1.038500000
1.046187500
1.053687500
1.061312500
1.069062500
1.076062500
1.084875000
1.092875000
1.100750000
1.108312500
1.116687500
1.124687500
1.132687500
1.140812500
1.148812500
1.156937500
1.165125000
1.173250000
1.181437500
1.189687500
1.198000000
1.206312500
1.214625000
1.222812500
1.230875000
1.239437500
1.247312500
1.255812500
1.263812500
1.271875000
1.279812500
1.287812500
1.294687500
1.302375000
1.310062500
1.317812500
1.325625000
1.333062500
1.341687500
1.350250000
1.358312500
1.366625000
1.374875000
1.383687500
1.392062500
1.517687500
1.525812500
1.533937500
1.542000000
1.550437500
1.559187500
1.568250000
1.578000000
1.586562500
1.627437500
1.636187500
1.645062500
1.653750000
1.662125000
1.670500000
1.678625000
1.686562500
1.694687500
1.702437500
1.709562500
1.718312500
1.725875000
1.733437500
1.741000000
1.748562500
1.863375000
1.872062500
1.880312500
1.888625000
1.897250000
1.905750000
1.914687500
1.923500000
1.932312500
1.941250000
1.950062500
1.958875000
1.967187500
1.976125000
1.983250000
1.995062500
2.005500000
2.011312500
2.021375000
2.032500000
2.043250000
2.054875000
2.087250000
2.096437500
2.105437500
2.113875000
2.121875000
2.130625000
2.290437500
2.296187500
2.304312500
2.312187500
2.321125000
2.329437500
2.337937500
2.347500000
2.356625000
2.361062500
2.376500000
2.386687500
2.398437500
2.409812500
2.422812500
2.438437500
