0.230687500
0.237562500
0.245500000
0.253000000
0.260625000
0.268437500
0.275437500
0.283250000
0.291562500
0.299500000
0.307875000
0.316000000
0.324375000
0.332812500
0.341125000
0.348812500
0.356625000
0.364875000
0.373687500
0.381250000
0.389437500
0.397125000
0.404625000
0.412062500
0.419437500
0.426812500
0.434125000
0.441375000
0.448437500
0.455312500
0.462125000
0.468812500
0.475437500
0.481312500
0.487500000
0.494750000
0.501062500
0.507312500
0.513500000
0.519625000
0.525750000
0.532187500
0.678375000
0.684562500
0.689812500
0.696000000
0.702437500
0.708812500
0.715375000
0.722250000
0.728875000
0.735250000
0.742187500
0.750187500
0.755812500
0.762500000
0.770500000
0.777187500
0.783812500
0.790625000
0.797625000
0.804500000
0.811187500
0.818312500
0.825250000
0.831875000
0.839062500
0.846187500
0.853125000
0.860125000
0.867312500
0.874250000
0.881500000
0.888500000
0.895625000
0.902687500
0.910000000
0.917000000
0.924125000
0.931437500
0.938625000
0.945812500
0.952937500
0.960187500
0.967562500
0.974625000
0.981812500
0.989125000
0.996562500
1.003875000
1.011125000
1.018375000
1.025625000
1.032812500
1.040000000
1.047125000
1.054187500
1.061187500
1.068250000
1.075125000
1.081875000
1.088750000
1.095625000
1.102375000
1.109062500
1.115812500
1.122625000
1.129625000
1.136500000
1.143687500
1.150312500
1.157250000
1.164750000
1.172562500
1.181250000
1.189312500
1.199062500
1.206625000
1.216312500
1.225062500
1.234312500
1.243312500
1.251687500
1.260062500
1.271125000
1.280312500
1.290000000
1.298687500
1.306500000
1.327937500
1.336000000
1.344250000
1.354687500
1.363500000
1.374625000
1.382187500
1.391375000
1.400500000
1.409375000
1.418125000
1.427937500
1.436312500
1.444437500
1.452562500
1.460937500
1.469312500
1.476875000
1.529062500
1.536750000
1.544937500
1.552812500
1.560937500
1.569312500
1.577625000
1.585500000
1.593437500
1.601562500
1.609750000
1.618250000
1.626875000
1.634750000
1.647812500
1.658687500
1.667125000
1.692000000
1.698187500
1.707750000
1.714875000
1.723875000
1.731562500
1.738437500
1.745687500
1.752625000
1.759562500
1.766625000
1.773687500
1.780750000
1.787875000
1.795187500
1.802687500
1.809812500
1.818187500
1.827750000
1.834500000
1.841937500
1.851000000
1.859250000
1.867375000
1.875625000
1.884187500
1.892812500
1.901687500
1.908687500
1.918375000
1.927125000
1.935625000
1.945687500
1.953250000
1.962187500
2.084187500
2.093687500
2.103125000
2.112312500
2.121500000
2.130937500
2.138687500
2.148187500
2.158125000
2.167687500
2.178312500
2.190000000
2.201562500
2.208937500
2.216687500
2.225375000
2.237312500
2.253187500
2.268312500
2.285375000
2.294312500
2.303375000
2.319437500
2.325750000
