0.223000000	
0.227812500
0.234750000
0.242062500
0.250250000
0.259687500
0.267812500
0.276187500
0.284562500
0.293062500
0.301500000
0.309812500
0.317750000
0.325687500
0.333437500
0.340750000
0.348812500
0.356062500
0.363375000
0.371375000
0.379000000
0.386562500
0.394125000
0.401187500
0.408437500
0.416125000
0.423875000
0.432125000
0.440187500
0.447812500
0.455437500
0.463187500
0.470437500
0.478500000
0.485937500
0.493250000
0.501250000
0.508625000
0.516250000
0.523500000
0.531500000
0.539250000
0.546937500	
0.604062500
0.611375000
0.618562500
0.625812500
0.633000000
0.640562500
0.647687500
0.655375000
0.662187500
0.669687500
0.676687500
0.684125000
0.691187500
0.698312500
0.706000000
0.713250000
0.720562500
0.727562500
0.734937500
0.742562500
0.749687500
0.757125000
0.764750000
0.772187500
0.779937500
0.786187500
0.827250000
0.833812500
0.841000000
0.848375000
0.855250000
0.862500000
0.869875000
0.877187500
0.884625000
0.891937500
0.899125000
0.906625000
0.914125000
0.921062500
0.927687500
0.934812500
0.942312500
0.949250000
0.956812500
0.964687500
0.971375000
0.979250000
0.985375000
1.029250000
1.036625000
1.044187500
1.052000000
1.059875000
1.067312500
1.075187500
1.082750000
1.090125000
1.098000000
1.105437500
1.112500000
1.120375000
1.128000000
1.135187500
1.142562500
1.149687500
1.156937500
1.164500000
1.171937500
1.179375000
1.187500000
1.195625000
1.204312500
1.210687500
1.265500000
1.272437500
1.280187500
1.288000000
1.295625000
1.303250000
1.311125000
1.318812500
1.327062500
1.335000000
1.342750000
1.350625000
1.358500000
1.366375000
1.373000000
1.381125000
1.389625000
1.397375000
1.405062500
1.412812500
1.580500000
1.588625000
1.597562500
1.606375000
1.617000000
1.626437500
1.637562500
1.645437500
1.655937500
1.667812500
1.676187500
1.686187500
1.696812500
1.708250000
1.717687500
1.729125000
1.738250000	
1.751437500
1.760187500	
1.773250000	
1.783125000	
1.796062500
1.804250000	
1.818375000
1.828187500
1.835937500
