0.236200
0.240575
0.250325
0.254950
0.270075
0.279950
0.366013
0.372638
0.378450
0.384512
0.390700
0.396825
0.403388
0.409763
0.416137
0.422262
0.428450
0.434513
0.440513
0.446450
0.452450
0.458388
0.464200
0.470763
0.477388
0.483450
0.489013
0.494950
0.602387
0.608138
0.613950
0.619888
0.625700
0.631637
0.637575
0.643637
0.649637
0.655700
0.661825
0.667887
0.674075
0.680262
0.686575
0.692950
0.699575
0.706325
0.712762
0.719325
0.725825
0.732200
0.738700
0.745138
0.751700
0.758200
0.764700
0.771200
0.777763
0.784388
0.791138
0.798200
0.804638
0.811825
0.818825
0.825888
0.832950
0.840013
0.847137
0.851137
0.854450
0.858450
0.861825
0.865825
0.869387
0.873387
0.877075
0.884825
0.892763
0.900825
0.908950
0.917388
0.923013
0.926325
0.932262
0.935450
0.941075
0.944575
0.950638
0.953825
0.959638
0.962888
0.968700
0.972075
0.977638
0.981200
0.986638
0.990263
0.995950
0.999700
1.005075
1.009012
1.014637
1.018450
1.024137
1.027950
1.033762
1.037512
1.047200
1.056637
1.065825
1.074950
1.083387
1.092262
1.100887
1.109637
1.118137
1.201012
1.206700
1.215513
1.223262
1.229012
1.232262
1.239575
1.248075
1.256200
1.264262
1.272575
1.280825
1.286137
1.289450
1.418137
1.424012
1.431637
1.437387
1.443450
1.449450
1.455450
1.461513
1.467513
1.473637
1.479825
1.486262
1.492887
1.499700
1.506137
1.617262
1.621637
1.625013
1.632575
1.640137
1.644200
1.647762
1.651950
1.655637
1.659762
1.663762
1.672263
1.680637
1.689200
1.697825
1.701950
1.706575
1.715450
1.724200
1.729950
1.733262
1.739075
1.742512
1.748137
1.751762
1.757262
1.760887
1.766637
1.769887
1.778450
1.787137
1.795638
1.804450
1.812762
1.821075
1.830513
1.954262
1.962637
1.970075
1.977762
1.985637
1.993262
2.000888
2.008513
2.016075
2.023763
2.028950
2.032763
2.162075
2.169200
2.176450
2.183575
2.191013
2.198575
2.206075
2.213013
2.220388
2.227700
2.231950
2.235138
2.239325
2.242638
2.246825
2.250263
2.254450
2.257888
2.262075
2.265575
2.269763
2.273138
2.280638
2.288200
2.295700
2.303762
2.312888
2.420700
2.429200
2.437450
2.443763
2.455637
2.465013
2.470700
2.474263
2.480075
2.483575
2.560763
2.584888
