0.136562500	
0.248187500
0.259000000
0.266125000
0.274062500
0.283687500
0.292125000
0.434312500
0.441937500
0.449500000
0.457312500
0.464875000
0.472562500
0.480312500
0.487875000
0.495500000
0.503000000
0.510562500
0.518250000
0.525750000
0.533187500
0.540562500
0.547687500
0.554375000
0.678812500
0.686062500
0.693687500
0.700812500
0.707687500
0.717000000
0.725187500
0.733125000
0.740812500
0.748687500
0.756687500
0.764937500
0.773562500
0.781437500
0.790125000
0.798750000
0.807000000
0.815062500
0.823000000
0.889437500
0.896937500
0.904937500
0.913000000
0.921250000
0.929937500
0.938125000
0.946437500
0.954937500
0.963375000
0.972062500
0.980750000
0.989437500
0.998187500
1.007125000
1.016187500
1.025437500
1.034562500
1.043562500
1.052750000
1.062000000
1.071187500
1.080500000
1.089625000
1.096625000
1.107062500
1.115687500
1.123687500
1.133562500
1.217875000
1.227937500
1.237625000
1.247062500
1.256500000
1.266250000
1.275937500
1.285437500
1.295625000
1.305875000
1.316375000
1.327000000
1.337250000
1.347250000
1.356875000
1.366187500
1.375312500
1.384812500
1.394000000
1.403562500
1.411375000
1.515062500
1.523875000
1.531437500
1.540812500
1.549750000
1.558437500
1.568000000
1.578062500
1.588187500
1.598750000
1.609812500
1.620687500
1.632125000
1.643125000
1.652812500
1.664125000
1.672875000
1.681687500
1.690250000
