0.229875000
0.236750000
0.244250000
0.251562500
0.259062500
0.266500000
0.274000000
0.281875000
0.289812500
0.297937500
0.306187500
0.314312500
0.322562500
0.330875000
0.339187500
0.347437500
0.355625000
0.364000000
0.372312500
0.380625000
0.389187500
0.397875000
0.407750000
0.414812500
0.422562500
0.431125000
0.439312500
0.447687500
0.455750000
0.464000000
0.472062500
0.480125000
0.488312500
0.496250000
0.504125000
0.512125000
0.519750000
0.527312500
0.534625000
0.542187500
0.549375000
0.555875000
0.675125000
0.681812500
0.688562500
0.695375000
0.702375000
0.709250000
0.716500000
0.723687500
0.731187500
0.738250000
0.745687500
0.752750000
0.759875000
0.767312500
0.774375000
0.781375000
0.788187500
0.795062500
0.802187500
0.809000000
0.816062500
0.823312500
0.830500000
0.838000000
0.845812500
0.852875000
0.860312500
0.867125000	
0.873312500	
0.930125000
0.937250000
0.944187500
0.951437500
0.958500000
0.965875000
0.973250000
0.980750000
0.988125000
0.995875000
1.003437500
1.011062500
1.018625000
1.026437500
1.034562500
1.042687500
1.050500000
1.058937500
1.067500000
1.076625000
1.085625000
1.094562500
1.103500000
1.111750000
1.121750000
1.130250000
1.139562500
1.148250000
1.156687500
1.165562500
1.173500000	
1.283437500
1.290875000
1.299062500
1.306875000
1.314562500
1.321812500
1.329812500
1.337875000
1.344937500
1.498250000
1.505187500
1.512187500
1.519250000
1.526500000
1.533687500
1.540937500
1.548437500
1.556000000
1.563625000
1.571187500
1.578687500
1.586625000
1.594437500
1.602625000
1.610937500
1.619187500
1.627562500
1.636062500
1.644562500
1.652875000
1.661437500
1.669750000
1.678062500
1.686562500
1.695375000
1.703687500	
1.713625000	
1.731562500
1.738937500
1.771312500
1.777000000
1.786062500
1.793750000
1.800062500
1.810500000
1.817875000
1.827812500
1.835125000
1.843437500
1.852312500
1.861812500
1.869250000
1.877062500
1.885062500
1.893937500
1.902125000
1.911437500
1.920125000
1.928625000
1.937750000
1.947375000
1.955562500
1.964437500
1.973312500
1.983187500
1.993000000
2.001812500
2.009812500
2.019437500
2.029312500
2.038500000
2.047625000
2.056625000
2.065500000
2.074375000
2.083312500
2.092000000
2.100187500
2.108812500
2.116812500	
2.234500000
2.242875000
2.251062500
2.259625000
2.268062500
2.276250000
2.284937500
2.293250000
2.302062500
2.310437500	
2.394937500
2.403687500
2.412375000
2.421562500
2.430250000
2.439687500
2.448312500
2.457687500
2.466312500
2.475875000
2.484812500
2.491375000	
2.501125000	
2.511312500
2.519375000	
2.529375000	
2.539375000	
2.550187500	
2.559125000	
2.569125000	
2.579875000	
2.591250000	
2.602312500	
2.614687500	
2.625500000	
2.637375000	
2.650437500	
2.661875000	
2.673687500	
2.685937500	
