0.230950
0.239825
0.245138
0.248325
0.256638
0.265138
0.270825
0.274012
0.279450
0.283263
0.288888
0.292575
0.298262
0.307950
0.389138
0.396512
0.404388
0.412137
0.419762
0.427325
0.431513
0.434763
0.442013
0.449138
0.456138
0.462950
0.469637
0.476200
0.482762
0.489325
0.495762
0.502138
0.508387
0.514513
0.520575
0.526575
0.532450
0.538388
0.544262
0.550138
0.556075
0.561950
0.567887
0.573825
0.579700
0.585638
0.591513
0.597387
0.603387
0.609263
0.615200
0.621200
0.627200
0.633262
0.639450
0.645763
0.652325
0.659388
0.746763
0.753700
0.758138
0.761387
0.765700
0.769012
0.776513
0.783950
0.791388
0.798887
0.806450
0.814013
0.821762
0.829388
0.837200
0.844950
0.852700
0.860325
0.867700
0.874888
0.881950
0.888950
0.895888
0.902700
0.909450
0.916262
0.922950
0.929575
0.936137
0.942887
0.949512
0.956200
0.963013
0.969825
0.976700
0.983762
0.990888
0.998200
1.005575
1.013200
1.021263
1.029387
1.037512
1.045700
1.051263
1.054575
1.059887
1.063137
1.068450
1.072012
1.077012
1.081075
1.086138
1.090075
1.095262
1.099262
1.104325
1.108325
1.113637
1.117325
1.122762
1.126325
1.131637
1.135137
1.140638
1.144012
1.149450
1.152638
1.158325
1.161575
1.166825
1.170325
1.175325
1.179137
1.184762
1.188075
1.193825
1.197075
1.202763
1.205950
1.210637
1.214825
1.220575
1.223825
1.229200
1.232763
1.237887
1.241637
1.246637
1.250450
1.255450
1.259325
1.264137
1.268137
1.273137
1.276762
1.281512
1.285387
1.289887
1.293950
1.298575
1.302513
1.307137
1.311012
1.315512
1.319512
1.324325
1.328138
1.332700
1.336575
1.341325
1.344887
1.352825
1.361950
1.369825
1.515263
1.523575
1.531950
1.540262
1.548762
1.557263
1.565637
1.574262
1.582387
1.708262
1.714825
1.721513
1.728325
1.735075
1.741825
1.748825
1.755825
1.762825
1.769887
1.777075
1.784450
1.791950
1.799512
1.804012
1.807200
1.811762
1.815075
1.823450
1.832325
1.841262
1.850637
1.860762
1.871262
1.882325
1.894762
1.907637
1.926700
1.934075
1.939325
1.951950
