0.116312500	
0.227312500
0.236000000
0.244437500
0.252937500
0.260812500
0.269000000
0.276812500
0.284812500
0.292750000
0.300625000
0.308250000
0.316000000
0.323812500
0.331812500
0.339625000
0.347500000
0.355375000
0.363062500
0.370812500
0.378437500
0.386062500
0.393437500
0.400687500
0.407812500
0.415000000
0.422312500
0.429562500
0.436812500
0.444062500
0.451312500
0.458500000
0.465625000
0.472875000
0.480000000
0.487187500
0.494375000
0.501500000
0.508625000
0.515750000
0.522937500
0.530437500
0.537750000
0.545312500
0.552875000
0.560625000
0.568500000
0.576500000
0.584187500
0.591562500
0.600500000	
0.656937500
0.664312500
0.671750000
0.679125000
0.686500000
0.693937500
0.701437500
0.708875000
0.716437500
0.724062500
0.731562500
0.739125000
0.746875000
0.754687500
0.762687500
0.770750000
0.779000000
0.787375000
0.796187500
0.805312500
0.814375000
0.823375000
0.831625000
0.839937500
0.847750000
0.855875000
0.863812500
0.871937500
0.880000000
0.888000000
0.896062500
0.903937500
0.911812500
0.919500000
0.927187500
0.934687500
0.942687500
0.950187500
0.958437500
0.966437500
0.976937500	
1.047500000
1.055375000
1.063312500
1.071187500
1.079000000
1.086562500
1.094312500
1.102125000
1.110250000
1.118250000
1.126312500
1.134562500
1.142750000
1.151000000
1.159250000
1.167562500
1.175937500
1.184500000
1.193062500
1.201562500
1.210062500
1.218562500
1.227187500
1.235875000
1.244625000
1.253500000
1.262375000
1.271250000
1.280187500
1.289125000
1.298000000
1.307062500
1.315875000
1.324937500
1.333625000
1.342187500
1.350812500
1.359312500
1.367937500
1.377187500
1.386312500
1.396312500
1.404312500
1.421375000
1.427062500
1.433625000
1.440562500
1.449125000
1.458187500
1.467500000
1.476625000
1.485812500
1.495062500
1.504125000
1.513562500
1.523062500
1.531812500
1.539125000	
1.665375000
1.673062500
1.680062500
1.836000000
1.843375000
1.850937500
1.858562500
1.866500000
1.873937500
1.881687500
1.889250000
1.897000000
1.904937500
1.913000000
1.921375000
1.929812500
1.938687500
1.947750000
1.957125000
1.966687500
1.976500000
1.986312500
1.996375000
2.006562500
2.016625000
2.026812500
2.037187500
2.047500000
2.057875000
2.068250000
2.078500000
2.089125000
2.099312500
2.109687500
2.120062500
2.130750000
2.141187500
2.152000000
2.162625000
2.173125000
2.183562500
2.193687500
2.203500000
2.213312500
2.223000000
2.232625000
2.242062500
2.251687500
2.261187500
2.270812500
2.280437500
2.289937500
2.299312500
2.308687500
2.318000000
2.327312500
2.336687500
2.346187500
2.355750000
2.365250000
2.374937500
2.384437500
2.393937500
2.403437500
2.413062500
2.422875000
2.432687500
2.442687500
2.453437500	
2.463562500	
2.475187500	
2.487000000	
2.500312500	
2.515687500	
2.524437500	
2.541937500	
2.565312500	
2.573562500	
2.612062500	
