0.219062500
0.227187500
0.235187500
0.243375000
0.251625000
0.259812500
0.267875000
0.276000000
0.284250000
0.292562500
0.301062500
0.309500000
0.318000000
0.326375000
0.334625000
0.343000000
0.351375000
0.359687500
0.367875000
0.376125000
0.384375000
0.392500000
0.400625000
0.408437500
0.416062500
0.423562500
0.430875000
0.438250000
0.445750000
0.453062500
0.460500000
0.468250000
0.574687500
0.581625000
0.589312500
0.596875000
0.604062500
0.611375000
0.618625000
0.626000000
0.633437500
0.640875000
0.648437500
0.655937500
0.663437500
0.670937500
0.678500000
0.686062500
0.693687500
0.701375000
0.709000000
0.716687500
0.724375000
0.732125000
0.739875000
0.747750000
0.755562500
0.768125000
0.771500000
0.780375000
0.788625000
0.796750000
0.804875000
0.812812500
0.820687500
0.828625000
0.836562500
0.844562500
0.852750000
0.860875000
0.869125000
0.877187500
0.885250000
0.893187500
0.901250000
0.909187500
0.917312500
0.925312500
0.933500000
0.941750000
0.949875000
0.958250000
0.966625000
0.975250000
0.983937500
0.992812500
1.001750000
1.010875000
1.020000000
1.029125000
1.038187500
1.047187500
1.056187500
1.065000000
1.073875000
1.082375000
1.090937500
1.099437500
1.108000000
1.116625000
1.125312500
1.134312500
1.143687500
1.152812500
1.162687500
1.168625000
1.179125000
1.188062500
1.196437500
1.204937500
1.213500000
1.222187500
1.231000000
1.239750000
1.248437500
1.257062500
1.265750000
1.274375000
1.282687500
1.292250000
1.385062500
1.392562500
1.399937500
1.408562500
1.416937500
1.425375000
1.433312500
1.440937500
1.587375000
1.595937500
1.604375000
1.612750000
1.621062500
1.629437500
1.637937500
1.646625000
1.655875000
1.664812500
1.673875000
1.683125000
1.691812500
1.701500000
1.711000000
1.719875000
1.729250000
1.737687500
1.839625000
1.850125000
1.858500000
1.864750000
1.943187500	
1.951687500	
1.961562500	
1.971312500	
1.984375000	
1.998437500	
2.013312500
2.019687500
