0.241075
0.248763
0.256013
0.263012
0.270200
0.277325
0.284513
0.291637
0.298950
0.306262
0.313513
0.320763
0.328200
0.397575
0.405013
0.411950
0.419075
0.426138
0.433262
0.440450
0.447887
0.455263
0.463012
0.470888
0.478700
0.485325
0.619637
0.625888
0.632387
0.638637
0.644825
0.650950
0.657138
0.663262
0.669450
0.675638
0.681825
0.688013
0.694263
0.700450
0.706700
0.712888
0.719075
0.725263
0.731513
0.737762
0.744075
0.750513
0.757012
0.763700
0.770450
0.777388
0.784450
0.791575
0.798950
0.806450
0.814013
0.821700
0.829450
0.837137
0.844950
0.852762
0.860513
0.868263
0.876075
0.880763
0.883950
0.891888
0.899700
0.907637
0.915512
0.923450
0.931388
0.939137
0.946950
0.954762
0.959325
0.962512
0.970263
0.974700
0.977888
0.985513
0.993012
1.000450
1.007887
1.015263
1.022450
1.029450
1.036450
1.043387
1.050137
1.056825
1.063450
1.070138
1.076762
1.083387
1.090012
1.096700
1.103325
1.110012
1.116700
1.123325
1.130012
1.136762
1.143512
1.150450
1.157575
1.165387
1.364762
1.370262
1.376075
1.382012
1.388012
1.394012
1.400137
1.406325
1.412700
1.419137
1.425637
1.432137
1.438887
1.445762
1.452763
1.459950
1.467325
1.474950
1.482763
1.490700
1.498887
1.507137
1.512262
1.515450
1.520700
1.523950
1.529075
1.532512
1.537825
1.541075
1.546513
1.549762
1.555200
1.558450
1.563950
1.567263
1.572637
1.576075
1.581450
1.585012
1.590450
1.593950
1.599325
1.602762
1.608200
1.611450
1.616887
1.620325
1.625388
1.629013
1.634075
1.637762
1.642887
1.646387
1.651700
1.655013
1.660387
1.663575
1.668950
1.672200
1.677450
1.680950
1.686450
1.689762
1.695450
1.698637
1.704137
1.707575
1.713012
1.716450
1.725387
1.731012
1.734200
1.743075
1.748763
1.751950
1.757325
1.760825
1.766262
1.769638
1.775012
1.778325
1.783638
1.786825
1.795263
1.800575
1.803887
1.812387
1.818012
1.821200
1.826762
1.829950
1.835575
1.838762
1.847450
1.852887
1.856262
1.861825
1.865013
1.870075
1.873637
1.878825
1.882262
1.890700
1.898950
1.907200
1.912137
1.915325
1.919888
1.923513
1.928387
1.931700
1.939825
1.947888
1.955950
1.960825
1.964012
1.972137
1.980325
1.988637
1.996887
2.001950
2.005388
2.010763
2.013950
2.019325
2.022700
2.028513
2.031700
2.037387
2.040700
2.050075
2.059700
2.066263
2.069450
2.076138
2.079575
2.090200
2.097200
2.101138
2.112513
2.124513
2.137263
2.150638
2.164575
2.178950
2.193575
2.208263
2.240450
2.247388
