0.258312500
0.265250000
0.272375000
0.279687500
0.287125000
0.294625000
0.302125000
0.309687500
0.317437500
0.325250000
0.333062500
0.341000000
0.348750000
0.356625000
0.364687500
0.372562500
0.380437500
0.388375000
0.396312500
0.404187500
0.411812500
0.419625000
0.427437500
0.435375000
0.443187500
0.450937500
0.458812500
0.466375000
0.474250000
0.482000000
0.489750000
0.497312500
0.502687500
0.511750000
0.518875000
0.526125000
0.533625000
0.540875000
0.549250000	
0.554937500
0.564687500	
0.584312500	
0.600937500	
0.616500000
0.621625000	
0.637812500	
0.648312500
0.660437500
0.666187500
0.670750000
0.679812500
0.698625000
0.704687500
0.711000000
0.717687500
0.724687500
0.732187500
0.739437500
0.746750000
0.754187500
0.761562500
0.768625000
0.775937500
0.783062500
0.790250000
0.797437500
0.804437500
0.811750000
0.818937500
0.826187500
0.833500000
0.841000000
0.848687500
0.856437500
0.864312500
0.872187500
0.880500000
0.888625000
0.896937500
0.904875000
0.913500000
0.921375000
0.930375000
0.938625000
0.947687500
0.956062500
0.964937500
0.973687500
0.983187500
0.992250000
1.001187500
1.010062500
1.019062500
1.027187500
1.036125000
1.042312500
1.150062500
1.157875000
1.165000000
1.173437500
1.181500000
1.189812500
1.195875000
1.207000000
1.353562500
1.361062500
1.368562500
1.376000000
1.383500000
1.391062500
1.398687500
1.406437500
1.414437500
1.422937500
1.431500000
1.440250000
1.449375000
1.459000000
1.468875000
1.479000000
1.489000000
1.499500000
1.510625000
1.519562500
1.731750000	
1.826687500
1.833250000
1.840062500
1.848125000
1.856750000
1.865250000
1.874500000
1.882750000
1.891687500
1.900687500
1.909375000
1.917812500
1.926125000
1.934562500
1.942875000
1.951312500
1.959937500
1.968687500
1.977437500
1.986000000
1.994500000
2.002812500
2.011000000
2.019562500
2.028000000
2.036250000
2.044562500
2.052937500
2.061312500
2.069437500
2.077375000
2.085062500
2.092625000
2.100375000
2.107812500
2.115312500
2.122687500
2.130000000
2.268625000
2.275812500
2.284500000
2.293687500
2.302500000
2.311562500
2.320937500
2.330187500
2.340062500
2.349250000
2.354375000
2.491125000
2.500875000
2.510000000
2.519187500
2.528250000
2.537187500
2.546125000
2.556125000
2.695500000
2.702875000
2.710250000
2.717625000
2.724875000
2.732125000
2.739562500
2.746937500
2.754375000
2.761937500
2.769562500
2.777187500
2.784875000
2.792687500
2.800625000
2.808812500
2.817062500
2.825187500
2.833562500
2.842000000
2.850625000
2.859250000
2.867937500
2.876625000
2.885250000
2.893687500
2.901937500
2.910375000
2.918812500
2.927250000
2.935750000
2.944312500
2.953000000
2.961812500
2.970625000
2.979562500
2.988625000
2.997812500
3.007187500
3.016687500
3.026250000
3.036125000
3.046062500
3.056250000
3.066312500
3.076875000
3.087375000
3.098250000
3.108750000
3.120062500
3.130687500
3.141875000
3.153250000
3.165312500
3.176687500
