0.221075
0.228013
0.232700
0.235950
0.242950
0.250575
0.258138
0.265638
0.273138
0.277575
0.280763
0.285263
0.288450
0.292825
0.296200
0.300638
0.304075
0.308638
0.311887
0.319825
0.327575
0.332138
0.335575
0.340013
0.343575
0.348013
0.351762
0.356013
0.359950
0.364762
0.368075
0.373013
0.376263
0.384450
0.392575
0.397263
0.400637
0.408575
0.412950
0.416575
0.420700
0.424575
0.432450
0.436575
0.440263
0.444575
0.448012
0.452075
0.455638
0.462763
0.470013
0.477200
0.484138
0.491013
0.497763
0.504200
0.510763
0.517200
0.523700
0.530325
0.537075
0.645825
0.652138
0.658262
0.664013
0.669763
0.675638
0.681575
0.687512
0.693450
0.699450
0.705388
0.711450
0.717450
0.723513
0.729575
0.735700
0.741888
0.748075
0.754387
0.760700
0.767075
0.773388
0.779825
0.786325
0.792700
0.799262
0.805887
0.812512
0.819200
0.825888
0.832762
0.839700
0.846888
0.853700
0.982387
0.987950
0.993825
0.999888
1.005950
1.012013
1.018013
1.024137
1.030325
1.036575
1.043012
1.049638
1.056450
1.063512
1.070825
1.078450
1.086325
1.090387
1.094513
1.102887
1.111325
1.116637
1.119950
1.125325
1.128638
1.134263
1.137450
1.143013
1.146325
1.151950
1.155137
1.160638
1.164137
1.169387
1.173075
1.178263
1.181888
1.186825
1.190700
1.199637
1.204450
1.208575
1.214200
1.217575
1.223200
1.226450
1.231262
1.235325
1.240887
1.244262
1.253137
1.257950
1.261887
1.270762
1.275887
1.279575
1.284888
1.288387
1.293887
1.297137
1.302700
1.306075
1.311575
1.315012
1.320762
1.323950
1.329200
1.332700
1.338450
1.341637
1.346950
1.350387
1.358825
1.363763
1.367200
1.375700
1.383887
1.392263
1.400575
1.408638
1.416575
1.424575
1.432325
1.440512
1.449637
1.457637
1.465200
1.473637
1.480575
1.487700
1.495700
1.503638
1.511200
1.518575
1.525950
1.533012
1.537200
1.540387
1.547762
1.555137
1.562513
1.569762
1.576950
1.584012
1.590887
1.597825
1.604887
1.611825
1.618700
1.625575
1.632325
1.639137
1.645887
1.652638
1.659262
1.665950
1.672575
1.679075
1.685700
1.692263
1.698825
1.705387
1.712075
1.719075
1.726200
1.732262
1.739325
1.746200
1.752637
1.759200
1.766075
1.772762
1.779075
1.785325
1.791700
1.797950
1.804200
1.810450
1.816637
1.822888
1.829200
1.835512
1.841825
1.848262
1.854700
1.861137
1.867637
1.874262
1.880825
1.887637
1.894387
1.901075
1.907950
1.914887
1.921762
1.928887
1.935950
1.943138
1.950325
1.957575
1.964700
1.971887
1.979012
1.986075
1.993075
2.000075
2.007013
2.014013
2.020888
2.027763
2.034638
2.041513
2.048388
2.055138
2.062388
2.069263
2.076262
2.083388
2.113825
2.120700
2.127825
2.134950
2.141888
2.148700
2.155763
2.163263
2.170888
2.178513
2.185950
2.193450
2.201075
2.208950
2.217013
2.225262
2.230638
2.233950
2.242700
2.251638
2.261013
2.270763
2.280512
2.290638
2.300763
2.311012
2.320700
2.330200
2.339888
2.488575
2.496700
2.504513
2.508888
2.512200
2.516638
2.519825
2.527575
2.535388
2.543263
2.551138
2.559200
2.567450
2.572450
2.575825
2.581012
2.584200
2.589263
2.592513
2.597200
2.600888
2.605763
2.609075
2.614013
2.617325
2.625513
2.630388
2.633638
2.641763
2.649888
2.657888
2.665700
2.673513
2.681200
2.688700
2.696200
2.703575
2.710763
2.717950
2.725075
2.732200
2.739263
2.746263
2.753325
2.760325
2.767325
2.774388
2.781388
2.788450
2.795513
2.802575
2.809700
2.816888
2.824075
2.831387
2.838700
2.846075
2.853450
2.861013
2.868513
2.876200
2.884013
2.891888
2.899888
2.907888
2.916075
2.924263
2.929388
2.932700
2.940888
2.946138
2.949388
2.957950
2.966450
2.975013
2.980450
2.983700
2.989200
2.992513
2.997888
3.001325
3.006638
3.010200
3.015763
3.019013
3.024638
3.027825
3.033138
3.036763
3.042263
3.045762
3.051013
3.054638
3.059950
3.063325
3.068888
3.072075
3.077513
3.080763
3.089263
3.097888
3.106450
3.115388
3.124262
3.133263
3.142450
3.151388
3.157325
3.160763
3.166950
3.170200
3.176325
3.179513
3.185450
3.188763
3.194263
3.198075
3.203513
3.207263
3.212700
3.216325
3.221700
3.224950
3.230263
3.233450
3.241763
3.250013
3.258013
3.265825
3.454450
3.461513
3.468950
3.476325
3.483825
3.491513
3.499262
3.507075
3.514887
3.522638
3.530450
3.538388
3.546450
3.554513
3.562700
3.570950
3.579200
3.587513
3.595950
3.604388
3.613950
3.619450
3.631887
3.640888
3.649700
3.655137
3.658513
3.667263
3.672575
3.676700
3.787013
3.792763
3.797388
3.802950
3.807387
3.812763
3.817575
3.828075
3.838950
3.849887
3.861388
3.873825
3.886138
3.898513
