0.096687500	
0.234312500
0.241875000
0.249187500
0.256500000
0.263812500
0.271125000
0.278375000
0.285562500
0.292687500
0.299750000
0.306937500
0.314125000
0.321562500
0.329250000
0.337187500
0.344125000
0.372062500
0.379312500
0.386187500
0.393125000
0.400687500
0.407875000
0.415062500
0.422375000
0.429875000
0.437187500
0.444500000
0.451812500
0.459187500
0.466625000
0.474000000
0.481500000
0.487812500
0.493250000	
0.512500000	
0.520750000	
0.529500000	
0.534750000	
0.689625000
0.695125000
0.701500000
0.707750000
0.714187500
0.720562500
0.727000000
0.733375000
0.739687500
0.745937500
0.752187500
0.758437500
0.764812500
0.771125000
0.777625000
0.784000000
0.790437500
0.796937500
0.803562500
0.810250000
0.817125000
0.824250000
0.831500000
0.839000000
0.846625000
0.854437500
0.862312500
0.870437500
0.878375000
0.886375000
0.894250000
0.902312500
0.911562500
0.919625000
0.927312500
0.935250000
0.943062500
0.951000000
0.958937500
0.967000000
0.975062500
0.983000000
0.990625000
0.998187500
1.005562500
1.012750000
1.020062500
1.026937500
1.034125000
1.041187500
1.048437500
1.055937500
1.063562500
1.071187500
1.079375000
1.192562500
1.198937500
1.205875000
1.212875000
1.220625000
1.228437500
1.235187500
1.241687500
1.248312500
1.290500000
1.298062500
1.305625000
1.313312500
1.321000000
1.328750000
1.336500000
1.344125000
1.351812500
1.359437500
1.367000000
1.374562500
1.382062500
1.389625000
1.397187500
1.404875000
1.413750000
1.422000000	
1.476375000
1.484375000
1.492625000
1.500937500
1.509125000
1.517375000
1.525562500
1.533875000
1.542312500
1.550687500
1.559250000
1.567875000
1.576437500
1.585125000
1.594250000
1.602875000
1.611062500	
1.720250000
1.728125000
1.735875000
1.743937500
1.752187500
1.760625000
1.769437500
1.778437500
1.787687500
1.796937500
1.806312500
1.815625000
1.825687500
1.835875000
1.846187500
1.856500000
1.866750000	
1.876812500	
1.893000000	
2.089812500	
2.168062500
2.176375000
2.184812500
2.193437500
2.201625000
2.210000000
2.218500000
2.227062500
2.235750000
2.244687500
2.253625000
2.262750000
2.272125000
2.279750000
2.287312500
2.297750000
2.303375000
2.310937500
2.320000000
2.328562500
2.337062500
2.345437500
2.353812500
2.362312500
2.471312500
2.480375000
2.489062500
2.497875000
2.506500000
2.514937500
2.523375000
2.531875000
2.540375000
2.549125000
2.557937500
2.566750000
2.575687500
2.584625000
2.593562500
2.602625000
2.611625000
2.620625000
2.629250000
2.637875000
2.646625000
2.767125000
2.775000000
2.782687500
2.790375000
2.798000000
2.806062500
2.814000000
2.822250000
2.830875000
2.840062500
2.849000000
2.857312500
2.978750000
2.989125000
2.995812500
3.003562500
3.009187500
3.024062500
3.032375000
3.042250000
3.052187500
3.062187500
3.072187500
3.082937500	
3.096437500	
3.119437500
3.133437500
3.147062500
3.160562500
3.174437500	
3.189000000
3.205250000
3.223375000	
3.232000000	
