0.285000000
0.291562500
0.297812500
0.304000000
0.310187500
0.316500000
0.322750000
0.329187500
0.335687500
0.342062500
0.348562500
0.355062500
0.361687500
0.368187500
0.374812500
0.381437500
0.387937500
0.394375000
0.401062500
0.407687500
0.414437500
0.421187500
0.427937500
0.434750000
0.441437500
0.448125000
0.454875000
0.461437500
0.467937500
0.474500000
0.480937500
0.487437500
0.494000000
0.500437500
0.506937500
0.513437500
0.519937500
0.526500000
0.533187500
0.540062500
0.546812500
0.553562500
0.560687500
0.567812500
0.574812500
0.582000000
0.589187500
0.596500000
0.604000000
0.612000000
0.619562500
0.627375000
0.635312500
0.643250000
0.651375000
0.659312500
0.667375000
0.675187500
0.683125000
0.691000000
0.698687500
0.706562500
0.714500000
0.722437500
0.730687500
0.738937500
0.747187500
0.755437500
0.763687500
0.771937500
0.780000000
0.788312500
0.796187500
0.804437500
0.812625000
0.820250000
0.828562500
0.837062500
0.845187500
0.853562500
0.861937500
0.870812500
0.879312500
0.888312500
0.897187500
0.906187500
0.915062500
0.924000000
0.933062500
0.942437500
0.951750000
0.961000000
0.969500000
0.978375000
0.987187500
0.995812500
1.004562500
1.012312500
1.019812500
1.148687500
1.156312500
1.163625000
1.170875000
1.178312500
1.185875000
1.193500000
1.201125000
1.208812500
1.216375000
1.223875000
1.231312500
1.238687500
1.245937500
1.253125000
1.260312500
1.267375000
1.274437500
1.281375000
1.288250000
1.295125000
1.301937500
1.308750000
1.315562500
1.322562500
1.329375000
1.336687500
1.344000000
1.444500000
1.451375000
1.459437500
1.467625000
1.475812500
1.484687500
1.490750000
1.513937500
1.520937500
1.529812500
1.540000000
1.550062500
1.560187500
1.570375000
1.580812500
1.591250000
1.601812500
1.612312500
1.622562500
1.632625000
1.642125000
1.650312500
1.784687500
1.791687500
1.800187500
1.808062500
1.815875000
1.823750000
1.831562500
1.839500000
1.847312500
1.855250000
1.863312500
1.871125000
1.878875000
1.886562500
1.894125000
1.901687500
1.909125000
1.916625000
1.924437500
1.932000000
1.939687500
1.947187500
2.020437500
2.028687500
2.036437500
2.044687500
2.053187500
2.061625000
2.070062500
2.078875000
2.087937500
2.097062500
2.106437500
2.115687500
2.125000000
2.134375000
2.143250000
2.152062500
2.162187500
2.170000000	
2.277250000
2.284812500
2.293125000
2.301687500
2.310312500
2.319125000
2.328062500
2.337062500
2.345937500
2.355187500
2.364375000
2.373500000
2.382687500
2.391937500
2.401000000
2.410375000
2.419875000
2.429312500
2.438750000
2.448312500
2.457625000
2.467062500
2.476500000
2.486000000
2.495437500
2.504937500
2.514437500
2.523750000
2.532937500
2.541875000
2.551062500
2.560437500
2.569250000
2.578312500
2.587187500
2.595937500
2.604562500
2.613000000
2.621437500
2.629937500
2.638500000
2.646562500
2.654937500
2.663250000
2.671562500
2.679875000
2.687937500
2.695937500
2.704000000
2.712312500
2.720750000
2.729500000
2.739125000
2.789562500
2.798062500
2.807500000
2.816812500
2.826500000
2.836375000
2.846375000
2.856375000
2.866250000
2.876312500
2.886562500
2.896625000
2.906937500
2.917187500
2.927937500
2.937625000
2.949062500	
2.957125000
2.971000000
2.980312500
2.994062500	
3.009875000	
3.028312500	
3.046312500	
3.062500000	
3.076125000	
3.084750000	
3.099937500	
3.108125000	
