0.237062500
0.252500000
0.258375000
0.265000000
0.271437500
0.278125000
0.285187500
0.292187500
0.299187500
0.306125000
0.312937500
0.319937500
0.326625000
0.333812500
0.340750000
0.347812500
0.354875000
0.361875000
0.368937500
0.376000000
0.383125000
0.390312500
0.397437500
0.404687500
0.412062500
0.419437500
0.427125000
0.434687500
0.442250000
0.450437500
0.460062500
0.468187500
0.477125000
0.486250000
0.495562500
0.505187500
0.514687500
0.524437500
0.534062500
0.543875000
0.553625000
0.563437500
0.573312500
0.583125000
0.593312500
0.601312500
0.611125000
0.623187500
0.632312500
0.641187500
0.834750000	
0.840187500	
0.845937500
0.851687500
0.857812500
0.864375000
0.870812500
0.878125000
0.886937500
0.894937500
0.902937500
0.910750000
0.918437500
0.926312500
0.934250000
0.941937500
0.949625000
0.957312500
0.964875000
0.972625000
0.980375000
0.988187500
0.996062500
1.003875000
1.011937500
1.019625000
1.027437500
1.035062500
1.042562500
1.050250000
1.057625000
1.065062500
1.072687500
1.080250000
1.088000000
1.095500000
1.103312500
1.110875000
1.118687500
1.126312500
1.134687500
1.143125000
1.151812500
1.160562500
1.169250000
1.177062500
1.184187500
1.194312500
1.202500000
1.210937500
1.219062500
1.227375000
1.235750000
1.243937500
1.251750000
1.259937500
1.268187500
1.276125000
1.284000000
1.292062500
1.300000000
1.308062500
1.316187500
1.324250000
1.332625000
1.340937500
1.349312500
1.541125000
1.549625000
1.557500000
1.565375000
1.573250000
1.581125000
1.589062500
1.597125000
1.605125000
1.613375000
1.623437500
1.787187500
1.795312500
1.803937500
1.812687500
1.822812500
1.829312500
1.988812500
1.996687500
2.004187500
2.011625000
2.019125000
2.026750000
2.034312500
2.041937500
2.049625000
2.057312500
2.065062500
2.072875000
2.080687500
2.088625000
2.096562500
2.104562500
2.112000000
2.120625000
2.343437500
2.352312500
2.362187500
2.372000000
2.382000000
2.391562500
2.402187500
2.412125000
2.422062500
2.432125000
2.442250000
2.452375000
2.462625000
2.472937500
2.483312500
2.493812500
2.504187500
2.514375000
2.524875000
2.535937500
2.547000000
2.558125000
2.569437500
2.580375000
2.590937500
2.602187500
2.613250000
2.624062500
2.635750000
2.647875000
2.659937500
2.673000000
2.679625000
