0.223625000
0.230000000
0.237750000
0.245625000
0.253750000
0.262375000
0.271125000
0.280812500
0.291375000	
0.358375000	
0.365312500	
0.370562500
0.377937500
0.384437500
0.391937500
0.398687500
0.405750000
0.412562500
0.419375000
0.426312500
0.433250000
0.440500000
0.447687500
0.454875000
0.462187500
0.469562500
0.476875000
0.484187500
0.491500000
0.498812500
0.506125000
0.513500000
0.520875000
0.528187500
0.535562500
0.542875000
0.550187500
0.557562500
0.565000000
0.572562500
0.580187500
0.587875000
0.595625000
0.603375000
0.611250000
0.619125000
0.627125000
0.635187500
0.643250000
0.651375000
0.659625000
0.667875000
0.676000000
0.684312500
0.692500000
0.700625000
0.708562500
0.716562500
0.724562500
0.732625000
0.741062500
0.749750000
0.756937500
0.819250000
0.827500000
0.835937500
0.844062500
0.852000000
0.860000000
0.868125000
0.876437500
0.884687500
0.893000000
0.901187500
0.909687500
0.918125000
0.926750000
0.935500000
0.944500000
0.953437500
0.963062500
0.972562500	
1.004562500	
1.094500000	
1.100562500
1.110250000
1.120625000
1.130875000
1.140000000
1.149062500
1.157500000
1.165250000
1.174125000
1.262625000
1.272250000
1.282125000
1.291687500
1.301000000
1.310187500
1.319312500
1.328437500
1.337500000
1.346750000
1.355687500
1.364875000
1.373875000
1.382937500
1.392000000
1.400875000
1.409687500
1.418750000
1.427687500
1.436562500
1.445500000
1.454375000
1.463250000
1.472125000
1.481187500
1.490062500
1.498812500
1.507625000
1.516500000
1.525250000
1.534187500
1.543000000
1.551875000
1.560812500
1.569812500
1.578000000
1.587500000	
1.651437500
1.662562500
1.675062500
1.687625000
1.693562500
1.719000000	
1.734000000	
1.749750000	
1.761500000
1.772812500	
1.789625000
