0.218250000	
0.225500000
0.234000000
0.242437500
0.250937500
0.259375000
0.267625000
0.275812500
0.284062500
0.292250000
0.300000000
0.307750000
0.315187500
0.322500000
0.329687500
0.336812500
0.344187500
0.351375000
0.358562500
0.365812500
0.372812500
0.379812500
0.386500000
0.393437500
0.400062500
0.407187500
0.414625000
0.421750000
0.428937500
0.435937500
0.443125000
0.450250000
0.457312500
0.464750000
0.472000000
0.479437500
0.487250000
0.493625000
0.500625000
0.506750000
0.514000000
0.520250000
0.551187500
0.557812500
0.564562500
0.571062500
0.577687500
0.584437500
0.591062500
0.597937500
0.604500000
0.611375000
0.618000000
0.624937500
0.631625000
0.638375000
0.645375000
0.652250000
0.659125000
0.666062500
0.673375000
0.681187500
0.811187500
0.817812500
0.824375000
0.830812500
0.837375000
0.843812500
0.850687500
0.857312500
0.864062500
0.871000000
0.877750000
0.884812500
0.891750000
0.898937500
0.906125000
0.913312500
0.920687500
0.928375000
0.936062500
0.940125000
0.944000000
0.952187500
0.960687500
0.964500000
0.969000000
0.977562500
0.985875000
0.994562500
1.003250000
1.011625000
1.019937500
1.028437500
1.037375000
1.044625000
1.054312500
1.063187500
1.072125000
1.080625000
1.088500000
1.209750000
1.215437500
1.223312500
1.229125000
1.235750000
1.242437500
1.249000000
1.255562500
1.262250000
1.269000000
1.275625000
1.282562500
1.289250000
1.296250000
1.303062500
1.310000000
1.317062500
1.324250000
1.331500000
1.338750000
1.345937500
1.353312500
1.360500000
1.367875000
1.375187500
1.382437500
1.389875000
1.397375000
1.404937500
1.412500000
1.419500000
1.427250000
1.434937500
1.444187500
1.452250000
1.460312500
1.468437500
1.476625000
1.484875000
1.493250000
1.501687500
1.510312500
1.519125000
1.527687500
1.536750000
1.545437500
1.554375000
1.563125000
1.572187500
1.580750000
1.589500000
1.598000000
1.606500000
1.615000000
1.623687500
1.631500000
1.641250000
1.650125000
1.659437500
1.668687500
1.678000000
1.687187500
1.696250000
1.705187500
1.714187500
1.723000000
1.731875000
1.740562500
1.749625000
1.758437500
1.767312500
1.776312500
1.785062500
1.793625000
1.802437500
1.811312500
1.819812500
1.828562500
1.837312500
1.845812500
1.854437500
1.862875000
1.871437500
1.879875000
1.888187500
1.896937500
1.905250000
1.913875000
1.922375000
1.931187500
1.940000000
1.948375000
1.957375000
1.965812500
1.974687500
1.983625000
1.992687500
2.002000000
2.009437500
2.020062500
2.030125000
2.040125000
2.049937500
2.058500000
2.069125000
2.078000000
2.088937500
2.099062500
2.108812500
2.118562500
2.128812500
2.145625000
2.152937500
2.187875000
2.193312500	
2.205312500
2.214875000
2.245187500
