0.231250000	
0.238187500	
0.246750000	
0.254187500	
0.262375000	
0.268937500
0.276937500
0.283500000
0.292312500
0.298437500
0.305625000
0.397125000
0.404875000
0.413562500
0.421062500
0.429375000
0.437562500
0.445875000
0.454062500
0.462250000
0.470562500
0.479125000
0.488500000
0.496375000
0.513125000	
0.521437500	
0.530250000	
0.538000000	
0.546812500	
0.555312500	
0.562500000
0.570125000
0.578062500
0.585750000
0.593625000
0.600687500
0.608375000
0.614750000
0.622000000
0.629687500
0.636312500
0.643937500
0.650750000
0.657000000
0.664000000
0.670500000
0.676875000
0.683437500
0.690062500
0.696500000
0.703562500
0.710187500
0.717187500
0.724375000
0.731312500
0.737937500
0.745312500
0.752500000
0.759375000
0.766000000
0.773687500
0.780562500
0.787750000
0.795187500
0.801437500
0.809187500
0.816125000
0.823187500
0.830750000
0.838562500
0.845875000
0.853250000
0.860437500
0.866875000
0.873687500
0.881062500	
0.888437500	
0.896000000	
0.902187500	
0.908500000	
0.916687500	
0.924937500	
0.931937500	
0.940250000	
0.947937500	
0.956250000	
0.963875000	
0.971187500	
0.978750000	
0.986375000	
0.994312500	
1.001250000
1.010062500
1.018250000
1.026250000
1.034375000
1.043312500
1.053062500
1.063312500
1.089750000
1.097875000
1.105062500
1.112250000
1.119500000
1.127562500
1.288125000
1.295812500
1.301875000	
1.308562500	
1.315937500	
1.322687500	
1.329250000	
1.336312500	
1.343125000	
1.350437500
1.356625000
1.363750000
1.370187500
1.377500000	
1.384750000	
1.384812500
1.391312500
1.399000000	
1.405875000
1.412750000
1.420437500
1.428687500
1.438187500
1.445312500
1.457187500	
1.464500000
1.472125000
1.479750000	
1.488187500	
1.496375000
1.504562500
1.514437500
1.522437500
1.530500000
1.540187500
1.548187500	
1.557000000	
1.566687500	
1.575375000	
1.584062500	
1.593000000	
1.601250000	
1.610437500	
1.619937500	
1.628875000	
1.637312500	
1.646062500	
1.654875000	
1.663687500	
1.672500000	
1.683000000
1.690375000
1.698125000
1.706125000
1.714250000
1.722500000
1.730750000
1.739125000
1.747312500
1.755562500	
1.764750000	
1.773687500	
1.782687500	
1.790875000	
1.799875000	
1.808187500	
1.816750000	
1.823562500
1.832250000
1.840750000
1.849187500
1.857750000
1.866000000
1.874750000
1.882812500
1.893000000
1.899250000
1.908125000
1.916937500
1.925250000
1.934312500
1.943437500
1.952187500
1.961937500
1.970187500
1.978000000
1.986250000
1.997375000
2.008000000
2.016375000
2.023875000
2.036375000	
2.046250000
2.055875000
2.064562500
2.073750000
2.084750000
2.090062500
2.100437500
2.110250000
2.121625000
2.132750000
2.138875000
2.149500000
2.161375000
2.282250000	
2.292937500	
2.302375000	
2.311125000	
2.319625000	
2.329000000	
2.337937500	
2.346562500	
2.354375000	
2.363625000	
2.370000000
2.380812500	
2.389750000	
2.397000000
2.406812500	
2.415812500
2.423562500
2.432500000
2.441625000
2.449437500
2.456750000
2.466250000
2.476062500
2.484312500
2.490812500
2.500500000
2.508062500
2.514375000
2.521625000
2.530250000
2.540250000
2.551062500
2.558687500
2.569375000
2.587312500
2.601812500
2.618312500
2.627187500	
2.635250000
2.643687500
2.652187500
2.660750000
2.669250000
2.677875000
2.686812500
2.694937500
2.703750000
2.712312500
2.720937500
2.729625000
2.738500000
2.746937500
2.755687500
2.764187500
2.772812500
2.781312500
2.789812500
2.798250000
2.806750000
2.816312500
2.824812500
2.833312500
2.843312500	
2.853187500	
2.861625000	
2.871250000	
2.880562500	
2.890125000	
2.898375000	
2.907187500	
2.916625000	
2.926250000	
2.935625000	
2.944187500	
2.953375000	
2.962625000	
2.971437500	
2.980437500	
2.988187500
2.996375000
3.005187500
3.013875000
3.023125000
3.031625000
3.040562500
3.049312500
3.057937500
3.066437500
3.074750000
3.083125000
3.091687500
3.096437500
3.108812500
3.117312500
3.126000000
3.134562500
3.151687500
3.160187500
3.168250000
3.184312500
3.193000000
3.508625000
3.516812500
3.526250000
3.534812500
3.543562500
3.552250000
3.561062500
3.570000000
3.579437500
3.585875000
3.589500000
3.599437500
3.607750000
3.615562500
3.623437500
3.630875000
3.653250000
3.661125000
3.669937500
3.678812500
3.687500000
3.696125000
3.704812500
3.713562500
3.717312500
3.722312500
3.726187500
3.731375000
3.735187500
3.740750000
3.744625000
3.750562500
3.754437500
3.760312500
3.764375000
3.770437500
3.774812500
3.780875000
3.785437500
3.791687500
3.795625000
3.801187500
3.805187500
