0.217312500
0.224125000
0.233812500
0.238625000
0.243187500
0.248000000
0.252875000
0.257750000
0.262625000
0.267687500
0.272687500
0.277500000
0.282250000
0.286937500
0.291437500
0.296000000
0.300750000
0.305250000
0.309250000
0.315750000
0.322875000
0.330500000
0.338625000
0.346812500
0.354875000
0.362875000
0.370437500
0.378187500
0.385875000
0.393562500
0.401187500
0.408812500
0.416312500
0.423875000
0.431375000
0.438750000
0.446250000
0.453687500
0.461187500
0.468687500
0.476250000
0.483812500
0.491250000
0.498750000
0.506187500
0.513437500
0.520812500
0.528187500
0.535500000
0.543062500
0.550687500
0.558125000
0.565812500
0.573750000
0.581250000
0.588062500
0.595812500
0.603000000
0.610062500
0.616687500
0.622562500
0.628062500
0.700875000	
0.700875000	
0.707062500	
0.722750000
0.731062500	
0.741187500	
0.750625000
0.759625000
0.768125000
0.776500000
0.784750000
0.793062500
0.801437500
0.809687500
0.817812500
0.826000000
0.834250000
0.842437500
0.850687500
0.859000000
0.867312500
0.875750000
0.884250000
0.892687500
0.901000000
0.909312500
0.917500000
0.925687500
0.933750000
0.941687500
0.949562500
0.957437500
0.965625000
0.974062500
1.086250000
1.094812500
1.103812500
1.112437500
1.120937500
1.129312500
1.137937500
1.146625000
1.155375000
1.164375000
1.173375000
1.182437500
1.191562500
1.200500000
1.209312500
1.217937500
1.226687500
1.235500000
1.244250000
1.253562500
1.263187500
1.272812500
1.330312500
1.337812500
1.346625000
1.355562500
1.364500000
1.373500000
1.382687500
1.391875000
1.401125000
1.410437500
1.419812500
1.428875000
1.438062500
1.447250000
1.456187500
1.464937500
1.473437500
1.481875000
1.490250000
1.498625000
1.506875000
1.515875000
