0.116062500
0.224687500
0.233000000
0.240937500
0.248687500
0.256625000
0.264500000
0.272750000
0.279125000
0.287437500
0.296562500
0.304312500
0.310562500
0.318312500
0.325625000
0.333000000
0.341625000
0.349437500
0.515437500
0.522250000
0.529125000
0.535500000
0.542375000
0.549312500
0.557375000
0.564375000
0.571375000
0.578187500
0.585000000
0.591750000
0.598437500
0.605375000
0.612125000
0.618875000
0.625625000
0.632562500
0.639375000
0.646250000
0.653375000
0.660437500
0.667500000
0.674500000
0.681687500
0.689000000
0.696500000
0.704437500
0.712125000
0.719250000
0.726125000
0.732687500
0.739750000
0.746875000
0.755312500
0.762562500
0.769812500
0.777625000
0.900312500
0.907812500
0.914937500
0.921062500
0.928000000
0.935062500
0.943687500
0.951000000
0.958437500
0.965750000
0.973250000
0.980625000
0.987937500
0.995312500
1.002875000
1.011125000
1.018875000
1.026562500
1.034375000
1.042187500
1.050187500
1.058000000
1.065875000
1.073812500
1.081875000
1.089875000
1.097875000
1.106062500
1.114312500
1.122562500
1.130937500
1.139125000
1.147437500
1.155625000
1.163812500
1.172062500
1.180187500
1.188250000
1.196437500
1.204500000
1.212687500
1.220937500
1.237375000
1.245812500
1.251250000
1.259625000
1.271187500
1.277187500
1.285687500
1.294250000
1.302812500
1.315437500
1.325187500
1.333312500
1.342937500
1.351687500
1.360250000
1.368875000
1.377312500
1.385937500
1.394375000
1.402937500
1.411562500
1.419937500
1.428375000
1.436687500
1.444937500
1.453562500
1.459375000
1.468875000
1.532750000
1.540937500
1.549437500
1.557812500
1.566187500
1.574812500
1.583312500
1.591750000
1.600312500
1.608937500
1.617625000
1.626125000
1.634562500
1.643062500
1.651375000
1.659687500
1.668000000
1.811687500
1.819250000
1.826812500
1.834687500
1.842812500
1.850937500
1.859562500
1.868562500
1.877750000
1.887125000
1.896625000
1.906250000
1.915937500
1.926000000
1.936125000
1.946625000
1.957187500
1.968250000
1.979562500
1.990562500
2.001125000
2.013437500
2.019687500
2.036687500
2.043625000
