0.256437500
0.264250000
0.274875000
0.283562500
0.290250000
0.297250000
0.304312500
0.311437500
0.318812500
0.326375000
0.334750000
0.343625000
0.351812500
0.360125000
0.368437500
0.370500000	
0.376687500
0.385250000
0.394062500
0.402812500
0.411562500
0.420062500
0.428000000
0.436000000
0.444125000
0.452437500
0.460562500
0.468625000
0.476812500
0.485375000
0.605000000
0.610812500
0.617562500
0.623812500
0.629937500
0.635937500
0.641937500
0.647937500
0.653875000
0.659875000
0.665937500
0.671937500
0.677937500
0.683812500
0.689687500
0.695625000
0.701500000
0.707375000
0.713125000
0.719062500
0.725125000
0.731187500
0.737250000
0.743375000
0.749562500
0.755812500
0.762125000
0.768437500
0.774875000
0.781375000
0.788125000
0.795000000
0.801812500
0.808500000
0.815000000
0.821625000
0.828312500
0.834875000
0.841500000
0.848125000
0.854625000
0.861187500
0.867750000
0.874312500
0.880812500
0.887375000
0.893937500
0.900625000
0.907312500
0.913937500
0.920500000
0.927062500
0.933500000
0.940687500
0.948375000
1.047312500
1.054750000
1.062625000
1.070375000
1.077937500
1.085500000
1.093062500
1.100562500
1.108562500
1.116812500
1.275500000
1.282000000
1.288625000
1.295187500
1.302500000
1.309812500
1.317187500
1.324875000
1.333250000
1.342000000
1.351187500
1.360500000
1.370125000
1.379750000
1.389625000
1.399625000
1.409125000
1.418687500
1.424500000
1.473375000	
1.489812500
1.495312500	
1.515437500	
1.536187500
1.547562500
1.558000000
1.567875000
1.577312500
1.586375000
1.595312500
1.604125000
1.612937500
1.622000000
1.631062500
1.640250000
1.649437500
1.658500000
1.667687500
1.676750000
1.685687500
1.694437500
1.703125000
1.711562500
1.720062500
1.729375000
1.736375000
1.826812500
1.834437500
1.844375000
1.853875000
1.863062500
1.872312500
1.881375000
1.890562500
1.899687500
1.909062500
1.918000000
1.926750000
1.935312500
1.943687500
1.951937500
1.960062500
1.968000000
1.976000000
1.984000000
1.991937500
1.999812500
2.008000000
2.016000000
2.024125000
2.032437500
2.040375000
2.048812500
2.057125000
2.065687500
2.074250000
2.083250000
2.091375000
2.100125000
2.109000000
2.117750000
2.126625000
2.135437500
2.144250000
2.153125000
2.162000000
2.170937500
2.179812500
2.188750000
2.197750000
2.206812500
2.215625000
2.224375000
2.233500000
2.242750000
2.251875000
2.261187500
2.270437500
2.279750000
2.288875000
2.298187500
2.307750000
2.317062500
2.323750000
2.336125000
2.346000000
2.354625000
2.363750000
2.372875000
2.381687500
2.390625000
2.399437500
2.408187500
2.416937500
2.425625000
2.434437500
2.443250000
2.452000000
2.460812500
2.469625000
2.478312500
2.486875000
2.495500000
2.504250000
2.510625000
2.574000000
2.582375000
2.593250000
2.603875000
2.614812500
2.626125000
2.637250000
2.648500000	
2.661312500	
2.674937500	
2.689937500	
2.705750000	
2.721750000	
2.739937500	
2.757187500	
2.772437500	
2.799500000	
