0.234200
0.239575
0.245262
0.250700
0.257013
0.263138
0.269700
0.360575
0.365825
0.369575
0.375013
0.378450
0.383512
0.387075
0.392200
0.396075
0.401012
0.404450
0.409700
0.412950
0.417637
0.420950
0.429075
0.436887
0.444513
0.452325
0.460200
0.467763
0.475325
0.482888
0.490388
0.494700
0.497950
0.505325
0.512700
0.520012
0.527325
0.534637
0.541825
0.549013
0.556137
0.563388
0.570762
0.578263
0.586200
0.593825
0.601700
0.609138
0.616638
0.624138
0.631950
0.639575
0.646888
0.654262
0.659075
0.668825
0.675825
0.682763
0.689638
0.696325
0.703075
0.709512
0.716075
0.722575
0.729137
0.735638
0.742075
0.748637
0.755200
0.761700
0.768262
0.774887
0.781637
0.788388
0.795262
0.801950
0.808763
0.815950
0.823137
0.830325
0.837387
0.844137
0.852075
0.859825
0.924887
0.931700
0.937950
0.944700
0.951013
0.958075
0.965075
0.972200
0.979513
0.986950
0.994888
1.001137
1.006512
1.025387
1.031450
1.038137
1.045137
1.052450
1.059825
1.067325
1.074825
1.082450
1.090075
1.097763
1.105450
1.113325
1.121200
1.129262
1.137325
1.145575
1.150700
1.153888
1.159387
1.162638
1.167762
1.171200
1.176700
1.180325
1.189387
1.194700
1.198575
1.203888
1.208075
1.217513
1.222887
1.227387
1.232887
1.237387
1.243012
1.247512
1.252887
1.257825
1.263387
1.268137
1.273512
1.278075
1.283762
1.288825
1.294575
1.298762
1.304325
1.308888
1.314075
1.318762
1.324200
1.337200
1.409825
1.427888
1.436012
1.443950
1.451825
1.459575
1.467387
1.475138
1.483512
1.492013
1.500700
1.509263
1.566325
1.571262
1.574513
1.579637
1.582825
1.587887
1.591137
1.596138
1.599388
1.604325
1.607575
1.612325
1.615637
1.623450
1.635762
1.704075
1.710575
1.718012
1.725012
1.732013
1.739200
1.743512
1.746700
1.754325
1.758637
1.762013
1.769700
1.777387
1.785200
1.793075
1.801075
1.809075
1.817200
1.825700
1.834138
1.842700
1.851575
1.857200
1.860387
1.866012
1.869325
1.875075
1.878262
1.884075
1.887388
1.893075
1.896263
1.902200
1.905512
1.911637
1.915012
1.920387
1.924325
1.929700
1.933950
1.939450
1.943138
1.948075
1.953075
1.958512
1.962388
1.968200
1.972388
1.978013
1.982200
1.987637
1.992325
1.997700
2.002075
2.007262
2.011575
2.017138
2.021263
2.026888
2.030950
2.036575
2.040513
2.046013
2.049950
2.055825
2.059200
2.065200
2.068450
2.074325
2.077513
2.083200
2.086575
2.092388
2.095825
2.101763
2.104950
2.110700
2.113888
2.119700
2.122888
2.128450
2.131763
2.137388
2.140575
2.146075
2.149450
2.154888
2.158263
2.164013
2.167388
2.173200
2.176513
2.182138
2.185700
2.191388
2.195013
2.200575
2.204388
2.209950
2.213950
2.219388
2.223825
2.233825
2.244388
2.366763
