0.332187500	
0.500312500	
0.506562500
0.513500000
0.521812500
0.529875000
0.537812500
0.545750000
0.553687500
0.561625000
0.569562500
0.577500000
0.585375000
0.593125000
0.600687500
0.608125000
0.615437500
0.622625000
0.629750000
0.636875000
0.643875000
0.650937500
0.657875000
0.664750000
0.671687500
0.678562500
0.685500000
0.692437500
0.699500000
0.706812500
0.714187500
0.721625000
0.729062500
0.736687500
0.744250000
0.751812500
0.759562500
0.767375000
0.775312500
0.783500000
0.791562500
0.799625000
0.807562500
0.815375000
0.823000000
0.830750000
0.838437500
0.846500000
0.854500000
0.862437500
0.870500000
0.878375000
0.886250000
0.894125000
0.902062500
0.910437500
0.917750000
0.979062500
0.986687500
0.994250000
1.001875000
1.009687500
1.017437500
1.025062500
1.032875000
1.040562500
1.048187500
1.056000000
1.063750000
1.071500000
1.079625000
1.087687500
1.153187500
1.161187500
1.169062500
1.177125000
1.185375000
1.193625000
1.202062500
1.210437500
1.218625000
1.226625000
1.234562500
1.242625000
1.250312500
1.258000000
1.265625000
1.273125000
1.280750000
1.288375000
1.295937500
1.303562500
1.311312500
1.319250000
1.327375000
1.336000000
1.344500000
1.433187500
1.441312500
1.449562500
1.457375000
1.465375000
1.473437500
1.481625000
1.489937500
1.498562500
1.507312500
1.516187500
1.525250000
1.534562500
1.544187500
1.554187500
1.564187500
1.574500000
1.585000000
1.595687500
1.606562500
1.617437500
1.628250000
1.639125000
1.649562500
1.659375000
1.668937500
1.678187500
1.686875000
1.695375000	
1.779562500
1.788500000
1.798000000
1.807562500
1.817125000
1.825875000
1.836125000
1.845187500
1.854437500
1.863437500
1.948937500
1.956375000
1.964437500
1.972250000
1.979750000
1.987250000
1.994812500
2.002437500
2.010187500
2.017937500
2.025562500
2.033812500	
2.113062500
2.121250000
2.129625000
2.138000000
2.146062500
2.154250000
2.162437500
2.171312500
2.179312500
2.188312500
2.196937500
2.205500000
2.301687500
2.311000000
2.319500000
2.329187500
2.338937500
2.348937500
2.358937500
2.369187500
2.379375000
2.389625000
2.399875000
2.409562500
2.419250000
2.427812500
2.436250000
2.444625000
2.452437500	
2.541312500
2.551500000
2.556625000
2.569250000
2.579187500
2.589750000
2.600187500
2.609937500
2.619937500
2.629937500
2.639750000
2.649500000
2.659250000
2.668562500
2.678375000
2.687937500
2.697562500
2.707125000
2.716625000
2.726187500
2.735500000
2.744750000
2.753937500
2.763000000
2.771875000
2.780937500
2.789937500
2.799187500
2.808500000
2.818312500
2.828062500
2.837812500
2.848125000
2.858312500
2.869125000
2.879312500
2.884875000
2.904750000	
2.919187500	
