0.231312500
0.238750000
0.246562500
0.254500000
0.262500000
0.270625000
0.278562500
0.286750000
0.295062500
0.300687500
0.304312500
0.309750000
0.314312500
0.329062500
0.492000000
0.499625000
0.506625000
0.513812500
0.521000000
0.528312500
0.535437500
0.542750000
0.549937500
0.557250000
0.564500000
0.571812500
0.579062500
0.586437500
0.593750000
0.600937500
0.608187500
0.615375000
0.622812500
0.630000000
0.637125000
0.644250000
0.651375000
0.658562500
0.665625000
0.672750000
0.679812500
0.686812500
0.693875000
0.700875000
0.707937500
0.714875000
0.721875000
0.728875000
0.735812500
0.742812500
0.749750000
0.756687500
0.763625000
0.770625000
0.777750000
0.785000000
0.792375000
0.935687500
0.943187500
0.951250000
0.958875000
0.966500000
0.974125000
0.981875000
0.989500000
0.997187500
1.004875000
1.012500000
1.020250000
1.027875000
1.035562500
1.043562500
1.051437500
1.059437500
1.067750000
1.076250000
1.083562500
1.091312500
1.099312500
1.107125000
1.113750000
1.121125000
1.127937500
1.148625000
1.156437500
1.162750000
1.166562500
1.172812500
1.191500000
1.197687500
1.204875000
1.210000000
1.214312500
1.218937500
1.223625000
1.233125000
1.238937500
1.242687500
1.248562500
1.252500000
1.258187500
1.262187500
1.267812500
1.271937500
1.277687500
1.281687500
1.287375000
1.291625000
1.297500000
1.301437500
1.307125000
1.311312500
1.317125000
1.321500000
1.326937500
1.331625000
1.336937500
1.341375000
1.347500000
1.351625000
1.358000000
1.362312500
1.368312500
1.373125000
1.379000000
1.384437500
1.390500000
1.395625000
1.401312500
1.406500000
1.411937500
1.417125000
1.422625000
1.426750000
1.432500000
1.436375000
1.440875000
1.445687500
1.450125000
1.454750000
1.463625000
1.472500000
1.481000000
1.489812500
1.497625000
1.505750000
1.572062500
1.581125000
1.590750000
1.600750000
1.610000000
1.616437500
1.621375000
1.627750000
1.634937500
1.641375000
1.653687500
1.658625000
1.662812500
1.671937500
1.681250000
1.690187500
1.695500000
1.699187500
1.708375000
1.713312500
1.717250000
1.726000000
1.734375000
1.742500000
1.750312500
1.757750000
1.767062500
1.854312500
1.863687500
1.873437500
1.882687500
1.891750000
1.896250000
1.900812500
1.905812500
1.910250000
1.915125000
1.919625000
1.924812500
1.929375000
1.934812500
1.939250000
1.944687500
1.948750000
1.954812500
1.959125000
1.968187500
1.973062500
1.977687500
1.982125000
1.986687500
1.991250000
1.996000000
2.001000000
2.005750000
2.010750000
2.015750000
2.020687500
2.025875000
2.030562500
2.036187500
2.041062500
2.046562500
2.051500000
2.057437500
2.062625000
2.068875000
2.074062500
2.080375000
2.085625000
2.092687500
2.097875000
2.104562500
2.110375000
2.116562500
2.122187500
2.127937500
2.133812500
2.139562500
2.144750000
2.150062500
2.156187500
2.160000000
2.170062500
2.180375000
2.268750000
2.275312500
2.282062500
2.288062500
2.293375000
2.300375000
2.305375000
2.312000000
2.316875000
2.323500000
2.328250000
2.334500000
2.339812500
2.345437500
2.351687500
2.357250000
2.364062500
2.369750000
2.376312500
2.382437500
2.388062500
2.394000000
2.399937500
2.405500000
2.412125000
2.417750000
2.424625000
2.430187500
2.437812500
2.443375000
2.450687500
2.456937500
2.463937500
2.469687500
