0.236812500
0.244437500
0.252500000
0.260250000
0.268250000
0.276250000
0.284437500
0.292500000
0.300687500
0.308687500
0.316875000
0.324937500
0.332875000
0.341062500
0.349375000
0.357937500
0.366500000
0.375062500
0.383375000
0.391375000
0.399187500
0.406812500
0.414375000
0.421812500
0.429062500
0.436250000
0.443312500
0.450250000
0.457187500
0.463937500
0.470562500
0.477187500
0.483812500
0.490437500
0.497125000
0.503750000
0.510375000
0.517062500
0.523500000
0.530500000
0.537125000
0.543812500
0.550625000
0.557437500
0.564187500
0.571000000
0.577750000
0.584562500
0.591375000
0.598250000
0.605000000
0.611937500
0.618812500
0.625625000
0.632375000
0.639250000
0.646187500
0.652937500
0.659875000
0.666812500
0.673750000
0.680812500
0.687875000
0.695000000
0.702187500
0.709437500
0.716750000
0.724187500
0.731687500
0.739312500
0.747000000
0.754687500
0.762375000
0.770062500
0.777750000
0.785500000
0.793312500
0.801187500
0.809500000
0.818062500
0.826687500
0.835187500
0.843625000
0.852125000
0.860625000
0.868937500
0.877312500
0.885375000
0.893562500
0.901000000
0.909500000
0.917875000
0.926437500
0.934687500
0.942750000
0.950875000
0.959000000
0.967312500
0.975812500
0.981312500
0.984562500
0.993625000
1.002750000
1.011687500
1.021000000
1.029312500
1.036375000
1.052250000
1.064000000
1.070625000
1.078437500
1.086187500
1.093875000
1.101500000
1.109062500
1.116750000
1.124187500
1.131812500
1.139375000
1.146500000
1.153875000
1.161500000
1.167312500
1.176812500
1.184687500
1.192687500
1.200875000
1.209187500
1.217750000
1.226375000
1.233250000
1.242500000
1.249875000
1.259562500
1.268000000
1.274812500
1.283750000
1.316437500
1.322437500
1.330312500
1.338312500
1.346312500
1.354312500
1.362375000
1.370500000
1.378562500
1.386687500
1.395000000
1.403312500
1.411875000
1.420500000
1.429250000
1.438062500
1.447000000
1.456000000
1.464937500
1.473812500
1.482875000
1.491937500
1.501125000
1.510562500
1.520062500
1.529687500
1.539250000
1.548812500
1.558250000
1.567750000
1.577250000
1.586875000
1.596437500
1.602250000
1.606000000
1.615375000
1.624812500
1.634125000
1.643375000
1.653062500
1.662312500
1.671812500
1.680875000
1.690562500
1.698875000
1.707937500
1.716687500
1.725250000
1.733875000
1.742625000
1.751312500
1.759937500
1.768687500
1.777562500
1.786437500
1.795312500
1.804062500
1.812875000
1.821625000
1.830375000
1.839250000
1.848125000
1.857000000
1.865562500
1.870687500
1.874125000
1.882937500
1.891625000
1.900750000
1.909000000
1.917875000
1.926875000
1.935812500
1.944937500
1.954125000
1.963562500
1.972062500
2.117687500
2.127937500
2.138187500
2.148500000
2.158437500
2.168687500
2.178937500
2.188812500
2.198937500
2.208125000
2.220625000
2.228750000
2.233875000
2.241750000
2.249937500
2.255187500
2.261250000
2.271187500
2.280687500
2.288500000
2.296750000
