0.224812500
0.232437500
0.240312500
0.248687500
0.256625000
0.264562500
0.272500000
0.280312500
0.288687500
0.296375000
0.306125000	
0.315125000
0.327500000	
0.340187500
0.345250000
0.353812500
0.359562500
0.367562500
0.373625000
0.380625000
0.387250000
0.393937500
0.400687500
0.407562500
0.414750000
0.422000000
0.429312500
0.436562500
0.444187500
0.451562500
0.497062500
0.505625000
0.513812500
0.522687500
0.531312500
0.539687500
0.548000000
0.555937500
0.563750000
0.571625000
0.579312500
0.586812500
0.594312500
0.601625000
0.608875000
0.616062500
0.623187500
0.630500000
0.637375000
0.644375000
0.651437500
0.658375000
0.665312500
0.672187500
0.679000000
0.685750000
0.692625000
0.699437500
0.706750000
0.713687500
0.721000000
0.728437500
0.736062500
0.743937500
0.751937500
0.760187500
0.768625000
0.777312500
0.785750000
0.795250000
0.803812500
0.812625000
0.823250000
0.831500000
0.895000000
0.905375000
0.917250000
0.929062500
0.941750000
0.950812500
0.963750000
0.975937500
0.988000000
1.000312500	
1.012375000	
1.030312500	
1.058312500	
1.109000000
1.115125000
1.126500000
1.136062500
1.145125000
1.153812500
1.162250000
1.170250000
1.179000000
1.187500000
1.196125000
1.205125000
1.214375000
1.223187500
1.231812500
1.240812500
1.249875000
1.259000000
1.268000000
1.277375000
1.286562500
1.295625000
1.304687500
1.313750000
1.322687500
1.331562500	
1.340875000	
1.349250000	
1.359250000	
1.369812500	
1.379687500	
1.389062500
1.397500000	
1.406750000
1.414937500
1.422812500
1.430562500
1.438375000
1.446062500
1.453750000
1.461375000
1.469187500
1.477062500
1.484562500
1.492812500
1.500625000
1.508125000
1.516312500
1.524562500
1.532562500
1.540937500
1.549500000
1.557750000
1.566562500
1.575125000
1.583937500
1.592875000
1.601625000
1.610875000
1.619812500
1.628937500
1.638000000
1.647250000
1.656875000
1.666562500
1.676375000
1.686250000
1.696312500
1.706187500
1.716500000
1.726562500
1.736562500
1.746750000
1.756625000
1.766687500
1.776937500
1.787062500
1.797125000
1.806812500
1.816375000
1.825625000
1.834875000
1.843937500
1.853437500
1.862562500
1.872000000
1.881000000
1.890187500
1.899375000
1.908687500
1.918000000
1.927687500
1.937625000
1.947875000
1.958500000
1.969562500
1.980750000
1.992750000
2.004937500
2.017687500
2.031500000	
2.046187500	
2.064375000	
2.074062500	
