0.264875000
0.271375000
0.278250000
0.285000000
0.291687500
0.298437500
0.305125000
0.311812500
0.318625000
0.325562500
0.332625000
0.340000000
0.347687500
0.355625000
0.363500000
0.370500000
0.377375000
0.401125000
0.408125000
0.415125000
0.422125000
0.429187500
0.436250000
0.443375000
0.450625000
0.457812500
0.465125000
0.472625000
0.480312500
0.488562500
0.495812500
0.509687500
0.516500000
0.524000000
0.531562500
0.538687500
0.545875000
0.552875000
0.560000000
0.567125000
0.574187500
0.581250000
0.588250000
0.595125000
0.602000000
0.608812500
0.615562500
0.622375000
0.629312500
0.636062500
0.642875000
0.649812500
0.656625000
0.663500000
0.670250000
0.677062500
0.683687500
0.690312500
0.697187500
0.703875000
0.710562500
0.717312500
0.724062500
0.731062500
0.738000000
0.745125000
0.752250000
0.758875000
0.767562500
0.800062500
0.807250000
0.814062500
0.820875000
0.827750000
0.834625000
0.841062500
0.848437500
0.855437500
0.864250000
0.965812500
0.973375000
0.980312500
0.986937500
0.993937500
1.000750000
1.007625000
1.014625000
1.021562500
1.028562500
1.035562500
1.042750000
1.049937500
1.057187500
1.064062500
1.071500000
1.078812500
1.086000000
1.093250000
1.100687500
1.108125000
1.115687500
1.123312500
1.130937500
1.138500000
1.146062500
1.153625000
1.161250000
1.168812500
1.176375000
1.184062500
1.191437500
1.199000000
1.206937500
1.214500000
1.221875000
1.230000000
1.238312500
1.246812500
1.254875000
1.263000000
1.270937500
1.278812500
1.286562500
1.294562500
1.302500000
1.310250000
1.318125000
1.326000000
1.333937500
1.342000000
1.349937500
1.476250000
1.483500000
1.490250000
1.497000000
1.503875000
1.510687500
1.517562500
1.524437500
1.531437500
1.538500000
1.545750000
1.553187500
1.558687500
1.566437500
1.571375000
1.708875000
1.740250000
1.749250000
1.757812500
1.766312500
1.774937500
1.783625000
1.792562500
1.801625000
1.810875000
1.820125000
1.829437500
1.838687500
1.847750000
1.856812500
1.865562500
1.874625000
1.883937500
1.893937500
1.902000000
1.987312500
1.996687500
2.005187500
2.014000000
2.022937500
2.031812500
2.040875000
2.049625000
2.058687500
2.067812500
2.076687500
2.083562500
2.178562500
2.186562500
2.194875000
2.203187500
2.211937500
2.220687500
2.229687500
2.238500000
2.246250000
2.304937500
2.312937500
2.320750000
2.328625000
2.336437500
2.344562500
2.352875000
2.361187500
2.369312500
2.377750000
2.386750000
2.395812500
2.405062500
2.409750000
2.414250000
2.423500000
2.432812500
2.442312500
2.451875000
2.461875000
2.472000000
2.482437500
2.493062500
2.503875000
2.515312500
2.526750000
2.538000000
2.549187500
2.560250000
2.571187500
2.580812500
