0.233562500
0.241437500
0.248437500
0.255687500
0.262875000
0.269937500
0.277125000
0.284187500
0.291812500
0.300125000
0.308500000
0.316750000
0.324875000
0.333250000
0.340437500
0.348187500
0.355750000
0.363000000
0.370125000
0.377000000
0.383312500
0.389750000
0.395937500
0.402062500
0.408187500
0.414375000
0.420562500
0.426937500
0.433437500
0.440187500
0.447187500
0.577812500
0.583625000
0.590000000
0.596437500
0.602812500
0.609250000
0.615812500
0.622375000
0.629062500
0.635875000
0.642875000
0.650187500
0.657625000
0.665312500
0.673000000
0.680687500
0.688437500
0.696250000
0.703937500
0.711687500
0.719437500
0.727187500
0.735125000
0.743562500
0.752312500
0.760875000
0.769312500
0.777625000
0.785687500
0.794125000
0.802437500
0.810625000
0.818937500
0.827250000
0.835687500
0.844187500
0.852937500
0.861687500
0.870500000
0.879250000
0.888187500
0.897187500
0.905937500
0.914687500
0.923562500
0.932312500
0.941187500
0.950125000
0.958812500
0.967500000
0.976062500
0.984500000
0.992812500
1.000937500
1.009000000
1.016937500
1.024812500
1.032562500
1.040250000
1.047937500
1.055500000
1.062875000
1.070500000
1.078125000
1.085750000
1.093187500
1.218375000
1.225500000
1.232812500
1.240062500
1.247500000
1.255125000
1.263000000
1.270937500
1.279000000
1.287062500
1.295250000
1.303500000
1.311875000
1.320437500
1.328937500
1.337625000
1.345812500
1.353625000
1.362437500
1.481375000
1.486875000
1.492250000
1.500937500
1.508625000
1.516562500
1.524625000
1.532750000
1.540875000
1.549125000
1.557375000
1.565687500
1.574125000
1.582562500
1.591062500
1.599562500
1.608187500
1.616937500
1.625687500
1.634562500
1.643562500
1.652625000
1.661750000
1.670625000
1.679375000
1.688250000
1.697312500
1.706250000
1.715187500
1.724187500
1.733312500
1.742312500
1.751437500
1.760750000
1.769937500
1.779187500
1.788437500
1.797437500
1.803000000
1.815312500
1.824187500
1.832875000
1.841687500
1.850625000
1.859562500
1.868562500
1.877500000
1.886687500
1.896000000
1.905437500
1.915125000
1.924937500
1.934750000
1.944625000
1.954875000
1.965000000
1.975187500
1.985375000
1.995812500
2.005875000
2.016437500
2.028250000
2.138500000
2.149812500
2.159062500
2.168937500
2.178437500
2.187812500
2.198000000
2.208125000
2.218125000
2.227375000
2.237000000
2.245187500
2.252750000
2.260250000
2.267937500
2.274750000
2.283812500
2.294000000
2.304187500
2.314062500
2.323437500
2.332187500
2.341687500
2.350875000
2.359812500
2.368437500
2.377125000
2.385812500
2.394625000
2.403437500
2.412125000
2.421062500
2.430187500
2.439750000
2.449812500
2.460937500
2.497875000
2.509937500
2.521375000
2.531812500
2.541500000
2.550750000
2.559812500
2.569000000
2.578375000
2.587750000
2.597250000
2.607000000
2.616750000
2.627562500
2.639687500
2.725250000
2.735687500
2.745437500
2.755187500
2.764750000
2.774250000
2.783812500
2.793375000
2.803187500
2.813312500
2.823562500
2.834375000
2.845687500
2.857625000
2.870437500
2.883875000
