0.224125000
0.230187500
0.236125000
0.242062500
0.250125000
0.258437500
0.266500000
0.274625000
0.282812500
0.290812500
0.298812500
0.306750000
0.314437500
0.322375000
0.330375000
0.338312500
0.346375000
0.354250000
0.362312500
0.370250000
0.378250000
0.386187500
0.394187500
0.402250000
0.410312500
0.418312500
0.426125000
0.433937500
0.441625000
0.449312500
0.457000000
0.465000000
0.472875000
0.480750000
0.487750000
0.495500000
0.503625000
0.510437500
0.517812500
0.525937500
0.534125000
0.542187500
0.550500000
0.558875000
0.567312500
0.575875000
0.584437500
0.593187500
0.599062500
0.602375000
0.608375000
0.611625000
0.617875000
0.628687500
0.635562500
0.645437500
0.653625000
0.662250000
0.670562500
0.678812500
0.687000000
0.695187500
0.703250000
0.711187500
0.719187500
0.727125000
0.734562500
0.742187500
0.749875000
0.757437500
0.765000000
0.772750000
0.780125000
0.787562500
0.795062500
0.802812500
0.809250000
0.819187500
0.938812500
0.946187500
0.953625000
0.961125000
0.968625000
0.976187500
0.983875000
0.989125000
0.998312500
1.006187500
1.014062500
1.021625000
1.028125000
1.034937500
1.041625000
1.048437500
1.056125000
1.063687500
1.071187500
1.078625000
1.086125000
1.093625000
1.101125000
1.108687500
1.116187500
1.123750000
1.131312500
1.138937500
1.146625000
1.154500000
1.159562500
1.163125000
1.168750000
1.178187500
1.187500000
1.242187500
1.250687500
1.256625000
1.260000000
1.265687500
1.269125000
1.274812500
1.278437500
1.284125000
1.287750000
1.293312500
1.297187500
1.302937500
1.306687500
1.312500000
1.316187500
1.322000000
1.325625000
1.331562500
1.335125000
1.344562500
1.353687500
1.363312500
1.371375000
1.535687500
1.543187500
1.550937500
1.555937500
1.559562500
1.567750000
1.576437500
1.585250000
1.594125000
1.603062500
1.612187500
1.616937500
1.621000000
1.625500000
1.629875000
1.634375000
1.638875000
1.643500000
1.647687500
1.652437500
1.656375000
1.661437500
1.665250000
1.670312500
1.673875000
1.682375000
1.690937500
1.699500000
1.708250000
1.716125000
1.843250000
1.850875000
1.857937500
1.866000000
1.873125000
1.880937500
1.888312500
1.895937500
1.903562500
1.911312500
1.919000000
1.926750000
1.934562500
1.942437500
1.950312500
1.958312500
1.966437500
1.974625000
1.983000000
1.991437500
1.999875000
2.008375000
2.016937500
2.025437500
2.034000000
2.042500000
2.046750000
2.051000000
2.055437500
2.059500000
2.064312500
2.068000000
2.073062500
2.081562500
2.090812500
2.099812500
2.111750000
2.118437500
2.128125000
2.135125000
2.157687500
2.164562500
2.172500000
2.180687500
2.189250000
2.197562500
2.206062500
2.214625000
2.223125000
2.231812500
2.240125000
2.248812500
2.257250000
2.265562500
2.273625000
2.281812500
2.289937500
2.298500000
2.307562500
2.315625000
2.422375000
2.428250000
2.432875000
2.442437500
2.452500000
2.462312500
2.472062500
2.478187500
2.481750000
2.491312500
2.496062500
2.500875000
2.505437500
2.510625000
2.515250000
2.521125000
2.525937500
2.537437500
2.558625000
2.675187500
2.695625000
2.704375000
2.714625000
2.723875000
2.733250000
2.742312500
2.751500000
2.760375000
2.769500000
2.778687500
2.787812500
2.793687500
2.797125000
2.806312500
2.815437500
2.824562500
2.833500000
2.842062500
2.850562500
2.859375000
2.868250000
2.876812500
2.885500000
2.894312500
2.903125000
2.912000000
2.920937500
2.929687500
2.938750000
2.947937500
2.957062500
2.966437500
2.975812500
2.985250000
2.991187500
2.994937500
3.000750000
3.004687500
3.010625000
3.014187500
3.020000000
3.030000000
3.035187500
3.040250000
3.045375000
3.051062500
3.055937500
3.061625000
3.067062500
3.071687500
3.083687500
3.094687500
3.104437500
3.115750000
3.126562500
3.137062500
3.141000000
3.148812500
3.158500000
3.164875000
