0.209638
0.215388
0.219950
0.223700
0.228137
0.231388
0.238825
0.246138
0.253450
0.260638
0.267700
0.274700
0.281388
0.288075
0.294638
0.301075
0.307387
0.313825
0.320075
0.326325
0.332512
0.338637
0.344075
0.350200
0.356450
0.362638
0.369138
0.375450
0.382263
0.389325
0.396388
0.478325
0.484575
0.492013
0.496575
0.499763
0.504200
0.507637
0.515450
0.523575
0.531700
0.537138
0.540325
0.545325
0.548825
0.554138
0.557388
0.562700
0.565950
0.571137
0.574575
0.579888
0.583075
0.588325
0.591575
0.596762
0.600075
0.605200
0.608513
0.616700
0.625263
0.630950
0.634262
0.643075
0.650075
0.656950
0.670325
0.677200
0.684887
0.692763
0.697512
0.700700
0.708700
0.716700
0.724575
0.732513
0.740325
0.748138
0.756075
0.763763
0.771637
0.776012
0.779388
0.787075
0.791388
0.794763
0.802388
0.809950
0.817450
0.824825
0.832075
0.839825
0.847075
0.854263
0.861387
0.868637
0.875575
0.882950
0.891637
1.024575
1.031075
1.038387
1.045263
1.051887
1.058575
1.065387
1.072325
1.079450
1.086637
1.093950
1.101325
1.108700
1.116138
1.123637
1.131200
1.135512
1.138825
1.143512
1.146700
1.151262
1.154512
1.162387
1.167200
1.170387
1.175200
1.178387
1.183138
1.186512
1.191075
1.194762
1.199325
1.203200
1.207762
1.211513
1.216512
1.220012
1.225450
1.228637
1.234075
1.237450
1.243012
1.246325
1.251762
1.255325
1.261075
1.264512
1.269325
1.273825
1.278825
1.283075
1.292513
1.302012
1.307137
1.311450
1.317012
1.320762
1.326575
1.330075
1.335950
1.339262
1.345012
1.348200
1.353950
1.357325
1.363262
1.366450
1.372387
1.375700
1.381262
1.385013
1.390825
1.394325
1.400387
1.403762
1.409387
1.413262
1.418950
1.422700
1.428638
1.432200
1.437637
1.441513
1.446763
1.451012
1.456262
1.460512
1.465450
1.470012
1.474887
1.479450
1.484388
1.488825
1.493887
1.498200
1.503638
1.507512
1.513200
1.516512
1.522262
1.525512
1.533887
1.541575
1.631325
1.639450
1.645013
1.648387
1.653013
1.656325
1.661700
1.664887
1.670387
1.673700
1.678950
1.682512
1.687762
1.691387
1.696700
1.700387
1.705513
1.709450
1.714575
1.718637
1.723950
1.728075
1.733637
1.737512
1.743200
1.747262
1.752763
1.756512
1.762262
1.766262
1.772325
1.775638
1.785263
1.795512
1.887013
1.893575
1.897700
1.903825
1.908075
1.913637
1.918200
1.923513
1.928450
1.934200
1.938887
1.949575
1.960262
1.970950
1.976575
1.981637
1.987387
1.992388
1.998512
2.002200
2.009825
2.015888
