0.268937500
0.276937500
0.283500000
0.292312500
0.298437500
0.305625000
0.313375000
0.321000000
0.328625000
0.336562500
0.344500000
0.352500000
0.360375000
0.368125000
0.375812500
0.383250000
0.390625000
0.398500000
0.406062500
0.413562500
0.421062500
0.428625000
0.436125000
0.443625000
0.451187500
0.458750000
0.466250000
0.472812500
0.480187500
0.489500000
0.497437500
0.560375000
0.568375000
0.576125000
0.583625000
0.591062500
0.598812500
0.606687500
0.614375000
0.622000000
0.629687500
0.636312500
0.643937500
0.651625000
0.659125000
0.667187500
0.674500000
0.681812500
0.689187500
0.696375000
0.703562500
0.711000000
0.718312500
0.725687500
0.733187500
0.740937500
0.748812500
0.756812500
0.764125000
0.771500000
0.778687500
0.785625000
0.792562500
0.799500000
0.806562500
0.813687500
0.820750000
0.827937500
0.835312500
0.842562500
0.850000000
0.857687500
0.865500000
0.873125000
0.880562500
0.887437500
1.003187500
1.010062500
1.016875000
1.023437500
1.030125000
1.036687500
1.043312500
1.049937500
1.056625000
1.063312500
1.070000000
1.076875000
1.083750000
1.090812500
1.097875000
1.105062500
1.112250000
1.119500000
1.126875000
1.134250000
1.141750000
1.149625000
1.154062500
1.157812500
1.166375000
1.175187500
1.184062500
1.191875000
1.200000000
1.208125000
1.216312500
1.224562500
1.232875000
1.241250000
1.249562500
1.257875000
1.266187500
1.274812500
1.286062500
1.294562500
1.346562500
1.356625000
1.365812500
1.375312500
1.384812500
1.394437500
1.403250000
1.411875000
1.420437500
1.428687500
1.436687500
1.445312500
1.453437500
1.461437500
1.468812500
1.476625000
1.484500000
1.492437500
1.500437500
1.508500000
1.516625000
1.524812500
1.533250000
1.541500000
1.683000000
1.690375000
1.698125000
1.706125000
1.714250000
1.722500000
1.730750000
1.739125000
1.747312500
1.820562500
1.828562500
1.835437500
1.842500000
1.850312500
1.857750000
1.866000000
1.874750000
1.882812500
1.890500000
1.898625000
1.906437500
1.914312500
1.922125000
1.930000000
1.937875000
1.945812500
1.954000000
1.961937500
1.970187500
1.978000000
1.986250000
1.994437500
2.002812500
2.011187500
2.019812500
2.028500000
2.037437500
2.046562500
2.055875000
2.065250000
2.074687500
2.084750000
2.094812500
2.104875000
2.116125000
2.127187500
2.138875000
2.149500000
2.154750000
2.161375000
2.172687500
2.183687500
2.195500000
2.208250000
2.223562500
2.262250000	
2.284125000	
2.370000000
2.379687500	
2.397000000
2.407625000
2.417937500
2.427937500
2.437875000
2.446937500
2.456062500
2.466250000
2.476062500
2.484312500
2.493437500
2.500500000
2.508062500
2.514375000
2.521625000
2.530250000
2.540250000
2.549125000
2.558687500
2.568000000
2.576312500
2.584687500
2.593062500
2.601812500
2.610000000
2.618312500
2.626812500
2.635250000
2.643687500
2.652187500
2.660750000
2.669250000
2.677875000
2.686812500
2.694937500
2.703750000
2.712312500
2.720937500
2.729625000
2.738500000
2.746937500
2.755687500
2.764187500
2.772812500
2.781312500
2.789812500
2.798250000
2.806750000
2.816312500
2.824812500
2.833312500
2.988187500
2.996375000
3.005187500
3.013875000
3.023125000
3.031625000
3.040562500
3.049312500
3.057937500
3.066437500
3.074750000
3.083125000
3.091687500
3.100187500
3.108812500
3.117312500
3.126000000
3.134562500
3.143187500
3.151687500
3.160187500
3.168250000
3.174875000
3.184312500
3.193000000
3.273062500
3.281375000
3.290437500
3.299312500
3.308125000
3.318312500
3.328375000
3.508625000
3.516812500
3.526250000
3.534812500
3.543562500
3.552250000
3.561062500
3.570000000
3.579437500
3.589500000
3.599437500
3.607750000
3.615562500
3.623437500
3.630875000
3.653250000
3.661125000
3.669937500
3.678812500
3.687500000
3.696125000
3.704812500
3.713562500
3.722312500
3.731375000
3.740750000
3.750562500
3.760312500
3.770437500
3.780875000
3.791687500
3.801187500
