0.052125000	
0.238500000
0.246625000
0.254625000
0.261937500
0.269625000
0.276687500
0.283875000
0.290875000
0.297750000
0.304625000
0.311437500
0.318250000
0.324937500
0.331812500
0.338562500
0.345375000
0.352250000
0.359375000
0.366437500
0.373687500
0.381000000
0.388437500
0.395937500
0.403687500
0.411500000
0.420125000
0.428500000
0.437250000
0.446250000
0.455625000
0.459937500
0.465125000
0.474812500
0.479250000
0.484625000
0.494500000
0.504062500
0.513187500
0.522875000
0.533000000
0.542125000	
0.550312500
0.602687500
0.609125000
0.619187500
0.627750000
0.637062500
0.646187500
0.655375000
0.665187500
0.674312500
0.683500000
0.692437500
0.701437500
0.710437500
0.719687500
0.728875000
0.738250000
0.747562500
0.756937500
0.766125000
0.775187500
0.784312500
0.793125000
0.801875000
0.810562500
0.818875000
0.827187500
0.835250000
0.843312500
0.851125000
0.858937500
0.866562500
0.875375000
0.883687500
0.891875000
0.899187500
0.907000000
0.914500000
0.921875000
0.929375000
0.936687500
0.944000000
0.951312500
0.958500000
0.965687500
0.972875000
0.980312500
0.987812500
0.994687500
1.115437500
1.122625000
1.130562500
1.138312500
1.146000000
1.153437500
1.161187500
1.168875000
1.176625000
1.184437500
1.192312500
1.200187500
1.208187500
1.216125000
1.224187500
1.232062500
1.240125000
1.248187500
1.256187500
1.264125000
1.272062500
1.280000000
1.287937500
1.296000000
1.304375000
1.314250000
1.379625000
1.388250000
1.396250000
1.404062500
1.412250000
1.420062500
1.428062500
1.435937500
1.443875000
1.451750000
1.459375000
1.466562500
1.474437500
1.481312500
1.489000000
1.496500000
1.622312500
1.629875000
1.637625000
1.645750000
1.653875000
1.662187500
1.670500000
1.678812500
1.687187500
1.695562500
1.704000000
1.712437500
1.720812500
1.729187500
1.737250000
1.745625000
1.753312500
1.760937500
1.768812500
1.892687500
1.899062500
1.906562500
1.913812500
1.921812500
1.930250000
1.938312500
1.946500000
1.954625000
1.962812500
1.971312500
1.979875000
1.988375000
1.997062500
2.005937500
2.014937500
2.024062500
2.033437500
2.043187500
2.053062500
2.063250000
2.073562500
2.084000000
2.095000000
2.106562500
2.119187500
2.131375000
2.143937500
2.157250000
2.169625000
2.184750000
2.197812500
2.212937500
2.226750000
2.242375000
