0.040325
0.216075
0.224075
0.232075
0.239950
0.244825
0.248138
0.253138
0.256638
0.261700
0.264888
0.270012
0.274075
0.303325
0.335263
0.345075
0.353388
0.361200
0.368638
0.375950
0.383138
0.390263
0.397450
0.404700
0.412137
0.419888
0.427888
0.436075
0.444387
0.452825
0.461637
0.470137
0.478762
0.486888
0.495638
0.521763
0.531513
0.536887
0.542075
0.552325
0.560200
0.567950
0.573013
0.576200
0.584137
0.588950
0.592137
0.600075
0.607888
0.615638
0.623200
0.630763
0.637763
0.645138
0.652388
0.659763
0.666450
0.674388
0.784388
0.791700
0.799262
0.807013
0.814700
0.822825
0.830950
0.839200
0.847513
0.855825
0.864387
0.872637
0.880075
0.939325
0.946075
0.952950
0.959700
0.966387
0.973013
0.979575
0.986012
0.992387
0.998700
1.004950
1.011263
1.017638
1.023950
1.030387
1.036825
1.043325
1.049950
1.056637
1.063137
1.069950
1.076075
1.083200
1.089637
1.096700
1.103950
1.111388
1.119075
1.123700
1.127013
1.135013
1.139887
1.143137
1.151262
1.159512
1.164200
1.167700
1.176075
1.181075
1.184512
1.189950
1.193138
1.198575
1.201888
1.207575
1.210825
1.216700
1.220012
1.225513
1.229450
1.235387
1.238950
1.244700
1.248825
1.254575
1.258637
1.264388
1.268450
1.273762
1.278200
1.283638
1.288013
1.293263
1.297450
1.302950
1.306825
1.311887
1.315387
1.322513
1.331637
1.339012
1.458887
1.466388
1.474137
1.481887
1.489512
1.497137
1.504825
1.512700
1.521012
1.526387
1.529950
1.535075
1.538762
1.543700
1.547825
1.553200
1.557700
1.563325
1.568138
1.574200
1.579137
1.585200
1.590575
1.596575
1.602012
1.607825
1.613262
1.619950
1.626075
