0.227937500
0.233187500
0.251437500
0.260250000
0.268500000
0.276687500
0.284875000
0.293000000
0.301000000
0.308937500
0.317062500
0.325000000
0.332875000
0.340687500
0.348500000
0.356250000
0.363937500
0.371500000
0.379062500
0.386625000
0.394062500
0.401562500
0.408937500
0.416187500
0.423437500
0.430562500
0.437625000
0.444562500
0.451437500
0.458312500
0.465125000
0.472250000
0.478937500
0.485687500
0.491875000
0.498625000
0.505312500
0.512125000
0.518937500
0.525812500
0.532625000
0.539125000
0.546187500
0.553312500
0.560312500
0.567312500
0.574687500
0.581312500
0.587812500
0.594312500
0.600812500
0.607375000
0.614000000
0.620500000
0.627000000
0.633500000
0.640000000
0.646437500
0.652937500
0.659375000
0.665875000
0.672437500
0.679062500
0.685812500
0.692750000
0.698937500
0.706687500
0.713937500
0.848312500	
0.860687500
0.867750000
0.874687500
0.882187500
0.889250000
0.896062500
0.903187500
0.910375000
0.917500000
0.924687500
0.931875000
0.939125000
0.946312500
0.953500000
0.960750000
0.968000000
0.975312500
0.982562500
0.989812500
0.997187500
1.004562500
1.011937500
1.019375000
1.026875000
1.034437500
1.042000000
1.049500000
1.057125000
1.064625000
1.072687500
1.080687500
1.089250000
1.155500000
1.163312500
1.171375000
1.179437500
1.187312500
1.195187500
1.203062500
1.210750000
1.218750000
1.226812500
1.235062500
1.243687500
1.252687500
1.261750000
1.269062500
1.316625000
1.324562500
1.332437500
1.340312500
1.348250000
1.356187500
1.364125000
1.372125000
1.380000000
1.387812500
1.395687500
1.403500000
1.411437500
1.419312500
1.427312500
1.435375000
1.443187500
1.451687500
1.604937500	
1.613812500
1.621312500
1.629000000
1.636625000
1.644187500
1.651750000
1.659437500
1.667500000
1.675500000
1.683437500
1.691312500
1.699125000
1.706937500
1.714687500
1.722437500
1.731125000
1.739312500	
1.873875000	
1.939250000
1.947062500
1.954687500
1.962375000
1.970062500
1.977812500
1.985625000
1.993500000
2.001375000
2.009312500
2.017437500
2.025812500
2.034312500
2.042937500
2.051750000
2.060875000
2.070187500
2.079812500
2.089500000
2.099187500
2.109937500
2.117937500
2.130375000
2.135500000
2.167625000
2.173375000
2.194312500
2.200750000
2.217062500
2.226625000
2.236312500
2.245812500
2.255062500
2.264187500
2.272937500
2.281312500
2.289875000
2.298812500
2.306437500
2.393562500
2.401500000
2.409250000
2.417250000
2.425312500
2.433375000
2.441562500
2.449687500
2.457875000
2.466125000
2.474562500
2.483062500
2.491750000
2.500562500
2.509250000
2.518187500
2.527187500
2.536125000
2.545312500
2.554062500
2.564125000
2.573437500
2.582562500
2.591187500
2.599687500
2.608250000
2.616625000
2.626062500
2.636437500
2.648312500
2.661250000
2.676187500
2.687625000
2.700500000
2.713187500
2.727000000
2.739625000
2.750812500
2.761187500
2.773000000
2.784125000
2.791812500
2.809437500
