0.217000000
0.225250000	
0.239875000
0.248000000
0.256125000
0.263875000
0.271812500
0.279375000
0.286812500
0.294437500
0.301750000
0.308937500
0.315937500
0.323312500
0.330500000
0.337375000
0.344312500
0.351062500
0.357125000	
0.371812500	
0.377687500	
0.396750000
0.401875000	
0.410312500
0.416812500
0.423250000
0.429625000
0.435812500
0.442000000
0.448187500
0.454437500
0.460750000
0.467312500
0.473937500
0.480875000
0.487687500
0.494625000
0.501687500
0.508937500
0.516187500
0.523500000
0.530750000
0.538062500
0.545187500
0.552375000
0.559500000
0.566875000
0.573687500
0.638125000
0.645250000
0.652312500
0.659312500
0.666312500
0.673500000
0.680812500
0.688062500
0.695625000
0.702812500
0.710937500
0.718375000
0.727187500
0.734187500
0.742687500
0.750625000
0.758687500
0.766625000
0.774375000
0.782125000
0.789750000
0.797312500
0.804875000
0.812375000
0.820000000
0.827687500
0.835375000
0.842937500
0.850750000
0.858250000
0.865812500
0.873437500
0.880937500
0.888625000
0.896312500
0.904250000
0.912062500
0.919937500
0.927687500
0.935500000
0.943625000
0.952000000
0.960187500
0.969375000
0.976250000
0.992687500
1.001187500
1.009625000
1.017812500
1.026187500
1.034687500
1.043187500
1.051875000
1.060562500
1.069187500
1.077875000
1.086687500
1.096437500
1.106562500
1.196187500
1.204875000
1.214875000
1.224937500
1.234937500
1.244500000
1.253812500
1.263187500
1.272375000
1.281625000
1.290625000
1.299562500
1.308375000
1.317187500
1.325875000
1.334687500
1.343625000
1.352312500
1.361000000
1.369500000
1.378125000
1.386625000
1.395187500
1.403562500
1.412125000
1.420500000
1.429375000
1.437750000
1.446750000
1.455250000
1.464437500
1.472812500
1.481750000
1.490375000
1.498437500
1.506812500
1.515000000
1.523187500
1.531375000
1.539500000
1.547812500
1.553375000
1.557125000
1.565875000
1.573437500
1.581750000
1.590687500
1.598875000
1.606937500
1.615187500
1.623250000
1.631437500
1.639625000
1.647875000
1.656062500
1.664250000
1.672500000
1.681187500
1.813062500
1.821375000
1.829875000
1.838375000
1.847125000
1.855812500
1.864687500
1.873375000
1.882125000
1.890750000
1.899500000
1.907875000
1.916562500
1.925312500
1.934187500
1.943375000
2.043187500
2.051875000
2.061000000
2.069312500
2.078000000
2.086375000
2.095062500
2.103375000
2.111812500
2.120812500
2.129125000
2.137750000
2.146250000
2.154875000
2.163312500
2.171937500
2.180562500
2.190125000
2.200500000
2.311937500
2.325000000
2.332812500
2.346312500
2.353562500	
2.366687500
2.378187500
2.388937500
2.399562500
2.405750000
2.427625000
2.435062500
