0.246812500
0.254000000
0.262062500
0.271062500
0.279562500
0.288562500
0.297312500
0.418687500
0.425562500
0.432687500
0.439437500
0.446187500
0.453000000
0.459750000
0.466500000
0.473312500
0.480000000
0.486812500
0.493625000
0.500437500
0.507312500
0.514250000
0.521187500
0.528062500
0.535062500
0.542000000
0.549062500
0.556125000
0.563250000
0.570312500
0.577437500
0.584562500
0.591812500
0.599062500
0.606312500
0.613500000
0.620750000
0.628000000
0.635250000
0.642500000
0.649812500
0.657250000
0.664625000
0.672187500
0.679812500
0.687437500
0.695187500
0.702937500
0.710875000
0.718937500
0.727000000
0.735312500
0.744000000
0.753437500
0.762812500
0.771875000
0.780562500
0.789750000
0.798250000
0.807312500
0.815625000
0.824437500
0.832750000
0.841000000
0.849250000
0.857312500
0.865500000
0.873625000
0.881687500
0.889750000
0.898125000
0.906500000
0.915062500
0.923750000
0.932375000
0.941187500
0.950000000
0.959125000
0.968250000
0.977562500
0.986687500
0.995937500
1.005062500
1.012125000
1.023875000
1.126750000
1.136062500
1.144750000
1.153750000
1.164312500
1.170437500
1.316375000
1.325687500
1.333875000
1.342187500
1.350375000
1.358750000
1.367562500
1.376062500
1.384625000
1.393187500
1.401625000
1.409937500
1.418375000
1.426750000
1.435125000
1.443375000
1.452250000
1.461937500
1.468250000
1.624750000
1.633750000
1.641687500
1.650250000
1.658562500
1.666937500
1.675250000
1.683687500
1.692562500
1.701187500
1.709875000
1.718625000
1.727437500
1.736500000
1.745562500
1.754687500
1.763812500
1.772812500
1.781875000
1.790937500
1.799875000
1.809187500
1.815750000
1.893812500
1.903812500
1.913687500
1.923625000
1.933250000
1.943312500
1.948812500
1.966937500
1.996375000	
2.019312500
2.025625000
2.029687500
2.051625000
2.063375000
2.074437500
2.079875000
2.091375000
2.103750000
2.122312500
2.128875000
2.141625000
2.159125000
2.168812500
2.176625000
