0.234000000
0.243437500
0.250875000
0.259250000
0.267500000
0.275812500
0.283937500
0.293750000
0.299312500
0.309250000
0.318125000
0.398187500
0.404812500
0.412500000
0.419812500
0.426750000
0.433875000
0.441000000
0.448000000
0.455000000
0.461875000
0.468750000
0.475500000
0.482500000
0.489437500
0.496375000
0.503500000
0.510937500
0.518250000
0.525500000
0.532562500
0.540062500
0.547625000
0.555375000
0.563187500
0.571625000
0.579812500
0.588187500
0.596187500
0.605000000
0.613937500
0.622937500
0.632125000
0.641500000
0.651000000
0.660375000
0.669875000
0.679312500
0.688937500
0.698437500
0.708062500
0.717875000
0.727750000
0.737437500
0.746812500
0.756125000
0.765312500
0.774250000
0.782562500
0.791625000
0.906750000
0.915375000
0.924437500
0.933562500
0.943000000
0.951875000
0.960625000
0.969125000
0.978000000
0.986437500
0.994375000
1.079750000
1.087187500
1.095000000
1.102687500
1.110125000
1.117750000
1.125250000
1.132875000
1.140437500
1.148187500
1.156062500
1.164000000
1.172062500
1.180437500
1.188562500
1.197687500
1.207125000
1.216812500
1.226687500
1.237000000
1.247812500
1.257562500
1.268375000
1.278500000
1.289375000
1.299937500
1.311187500
1.321625000
1.327437500
1.339375000
1.361125000
1.372875000
1.384062500
1.395375000
1.406875000
1.419062500	
1.432687500	
1.441687500	
1.456312500
1.465937500	
1.471500000	
1.554875000	
1.561812500
1.569562500
1.578062500
1.586562500
1.594875000
1.603437500
1.611937500
1.620625000
1.629687500
1.638875000
1.648500000
1.658000000
1.667750000
1.678375000
1.689250000
1.700875000
1.711562500	
1.725750000	
1.736000000	
1.753250000	
1.772625000	
1.792000000	
1.808500000	
1.820312500	
1.840125000
1.846875000
1.853562500
