0.228575
0.232200
0.240013
0.248138
0.256200
0.261138
0.264325
0.272575
0.280825
0.288888
0.296825
0.304762
0.312387
0.320075
0.327638
0.334700
0.342075
0.349325
0.356950
0.365013
0.373013
0.427575
0.435200
0.443013
0.450763
0.458450
0.466075
0.473637
0.481138
0.488513
0.495825
0.503075
0.510387
0.517575
0.524763
0.531825
0.538887
0.545825
0.552887
0.559887
0.566825
0.573700
0.580512
0.587325
0.594200
0.601200
0.608075
0.614825
0.621637
0.628325
0.635012
0.641700
0.648325
0.654950
0.661575
0.668138
0.674700
0.681262
0.687700
0.694200
0.700762
0.707450
0.714263
0.721387
0.727575
0.771825
0.778637
0.785825
0.793262
0.800763
0.808200
0.815763
0.823388
0.830950
0.838638
0.846200
0.853700
0.861263
0.868950
0.877075
0.980263
0.987075
0.993825
1.000575
1.006763
1.013137
1.019825
1.026700
1.033638
1.040575
1.047450
1.054325
1.061263
1.068262
1.075075
1.082200
1.089200
1.096262
1.103200
1.110200
1.117137
1.124200
1.131137
1.138137
1.145137
1.152075
1.159075
1.166012
1.173012
1.180075
1.187200
1.194325
1.201450
1.208763
1.216137
1.223513
1.231012
1.238700
1.246575
1.254637
1.259638
1.262950
1.268075
1.271325
1.276387
1.279950
1.284950
1.288700
1.293638
1.297512
1.302637
1.306450
1.311575
1.315512
1.320762
1.324575
1.329825
1.333700
1.339200
1.342950
1.348450
1.352325
1.357825
1.361575
1.367075
1.371013
1.376387
1.380450
1.385762
1.389700
1.394762
1.399387
1.404200
1.408825
1.413637
1.418575
1.423513
1.428263
1.434387
1.437825
1.442762
1.447262
1.453325
1.456575
1.462075
1.465700
1.470950
1.474575
1.480325
1.483575
1.490137
1.493450
1.625825
1.631137
1.634325
1.642887
1.651200
1.659325
1.667762
1.676012
1.681200
1.684450
1.689387
1.692825
1.697950
1.701200
1.705888
1.709575
1.714388
1.717950
1.723012
1.726325
1.731450
1.734700
1.739637
1.743075
1.748137
1.751387
1.755950
1.759700
1.764887
1.768200
1.773325
1.776700
1.785075
1.793575
1.802012
1.807200
1.810513
1.815887
1.819200
1.824700
1.828012
1.833512
1.836887
1.842200
1.845887
1.851450
1.855075
1.860387
1.864450
1.870012
1.873950
1.879013
1.883512
1.888887
1.893637
1.899200
1.904075
1.909762
1.915200
1.921012
1.927450
2.018200
2.032700
