0.118375000	
0.125187500	
0.224875000
0.232187500
0.240500000
0.249187500
0.257562500
0.266125000
0.274937500
0.284312500
0.294187500	
0.309250000	
0.314125000	
0.413375000
0.421312500
0.428937500
0.436437500
0.443937500
0.451437500
0.458937500
0.466437500
0.474000000
0.481562500
0.489125000
0.496812500
0.504500000
0.512250000
0.520000000
0.527812500
0.535875000
0.543875000
0.552062500
0.560375000
0.568812500
0.577312500
0.585875000
0.594500000
0.603375000
0.612375000
0.621437500
0.630687500
0.640125000
0.649875000
0.660375000
0.672437500	
0.685625000	
0.702500000
0.716812500	
0.731000000	
0.742625000
0.753562500
0.764062500
0.773937500
0.783625000
0.793187500
0.802437500
0.811000000
0.819562500
0.828625000
0.837687500	
0.899500000
0.909125000
0.918625000
0.928000000
0.937250000
0.946500000
0.955375000
0.964187500
0.972812500
0.981625000
0.990375000
0.999125000
1.008000000
1.016750000
1.025625000
1.034500000
1.043500000
1.052625000
1.061812500
1.071312500
1.081062500
1.090937500
1.101125000
1.111437500
1.122000000
1.132875000
1.144625000
1.156375000
1.167875000	
1.180750000
1.192937500
1.204187500	
1.216937500	
1.229125000	
1.240625000	
1.252750000	
1.263875000	
1.277375000	
1.287437500	
1.300062500
1.311312500	
1.322250000
1.333125000
1.343875000
1.354562500
1.365125000
1.375437500
1.385312500
1.394625000
1.403750000
1.412625000
1.421125000
1.430187500
1.438312500
1.441250000	
1.447187500
1.455125000
1.564062500
1.572375000
1.580875000
1.589375000
1.597875000
1.606500000
1.615312500
1.624062500
1.632812500
1.641625000
1.650437500
1.659312500
1.668250000
1.677562500
1.704812500
1.711937500
1.722500000
1.731937500
1.742187500
1.752437500
1.762750000
1.773250000
1.783625000
1.792687500
1.800437500
1.811187500
1.821312500
1.831125000
1.841250000
1.851687500
1.862687500
1.874437500
1.884125000
1.896125000
1.904187500
1.909437500
1.926562500
1.939625000	
1.952375000
1.958375000
1.970437500
1.984875000	
1.996312500
2.007500000
2.016125000
2.025875000
2.126312500
2.132937500
2.141437500
2.150437500
2.159625000
2.168750000
2.177937500
2.187000000
2.196062500
2.205625000
2.215250000
2.225187500
2.235500000
2.246250000
2.257625000
2.270062500	
2.281187500
2.297687500
2.313812500	
2.334625000	
2.339812500
2.359687500	
2.377625000
2.391312500
2.402125000	
2.410812500	
