0.170062500
0.372500000
0.378562500
0.385812500
0.390187500
0.396812500
0.406062500
0.412812500
0.419562500
0.426375000
0.433250000
0.440125000
0.446937500
0.453812500
0.460750000
0.467750000
0.474875000
0.481812500
0.489125000
0.496187500
0.503250000
0.510437500
0.517687500
0.524812500
0.531937500
0.539062500
0.546250000
0.553250000
0.560312500
0.567312500
0.574375000
0.581500000
0.588500000
0.595562500
0.602437500
0.609562500
0.616500000
0.623437500
0.630562500
0.637750000
0.644750000
0.651875000
0.659062500
0.666312500
0.673562500
0.680875000
0.688312500
0.695875000
0.703375000
0.711250000
0.719312500
0.725625000
0.734812500
0.743812500
0.754562500
0.763375000
0.772312500
0.781312500
0.790437500
0.799625000
0.809000000
0.818375000
0.827750000
0.833937500
0.843812500
0.852937500
0.863125000
0.873937500
0.891500000
0.986250000	
1.005562500
1.016250000
1.024625000
1.033250000
1.041187500
1.048937500
1.056500000
1.064437500
1.071812500
1.079500000
1.087062500
1.095125000
1.103125000
1.110750000
1.162312500
1.169687500
1.176937500
1.184187500
1.191500000
1.199312500
1.206750000
1.214500000
1.222125000
1.229500000
1.237187500
1.245062500
1.252687500
1.260375000
1.268125000
1.275625000
1.283437500
1.291375000
1.299187500
1.307187500
1.315000000
1.322750000
1.330625000
1.338250000
1.346250000
1.353687500
1.361375000
1.369187500
1.376625000
1.384250000
1.391875000
1.399375000
1.406937500
1.414687500
1.422250000
1.429750000
1.437375000
1.444812500
1.452437500
1.460062500
1.467500000
1.474875000
1.482187500
1.489750000
1.497312500
1.504875000
1.512562500
1.521125000
1.658500000
1.665875000
1.673125000
1.680562500
1.687875000
1.695250000
1.702625000
1.710062500
1.717312500
1.724562500
1.731875000
1.739062500
1.746437500
1.753750000
1.760812500
1.768500000
1.904875000
1.911187500
1.918812500
1.926062500
1.933250000
1.940437500
1.948000000
1.955500000
1.963125000
1.970875000
1.978562500
1.986375000
1.994312500
2.002750000
2.010875000
2.019187500
2.027562500
2.036187500
2.040187500
2.044812500
2.053562500
2.062500000
2.071437500
2.080375000
2.087250000
2.096687500
2.228812500
2.237937500
2.245187500
2.256937500
2.262500000
2.266312500
2.275500000
2.284562500
2.293375000
2.302250000
2.311250000
2.320062500
2.329125000
2.338125000
2.347000000
2.355875000
2.364937500
2.374062500
2.383000000
2.391875000
2.400562500
2.409250000
2.413625000
2.418062500
2.426875000
2.435437500
2.444125000
2.452812500
2.461437500
2.470187500
2.478812500
2.487562500
2.496312500
2.505375000
2.514375000
2.523750000
2.533250000
2.542812500
2.552625000
2.562750000
2.567750000
2.572937500
2.582937500
2.590812500
2.603750000
2.614625000
2.621812500
2.633187500
2.641437500
