0.000250000
0.222500000
0.239312500
0.248000000
0.256062500
0.264062500
0.271937500
0.279875000
0.287812500
0.295812500
0.303937500
0.312062500
0.320187500
0.328437500
0.336625000
0.344875000
0.353187500
0.361437500
0.369812500
0.378125000
0.386437500
0.394562500
0.402562500
0.410375000
0.418000000
0.425562500
0.432937500
0.440312500
0.447687500
0.454875000
0.462125000
0.469312500
0.476437500
0.483687500
0.491125000
0.498937500
0.669562500
0.675687500
0.682500000
0.689500000
0.696500000
0.703500000
0.710937500
0.718437500
0.726187500
0.733812500
0.741250000
0.748687500
0.756062500
0.810437500
0.816625000
0.823750000
0.830812500
0.837750000
0.844687500
0.851812500
0.859000000
0.866062500
0.873187500
0.880250000
0.887250000
0.894375000
0.901500000
0.908625000
0.915875000
0.923187500
0.930562500
0.938000000
0.945437500
0.953000000
0.960687500
0.968500000
0.976375000
0.984312500
0.992500000
1.000750000
1.009250000
1.018000000
1.027125000
1.036437500
1.045625000
1.054875000
1.064062500
1.073375000
1.082875000
1.092812500
1.102687500
1.112750000
1.122875000
1.133000000
1.143062500
1.153125000
1.163187500
1.173250000
1.183062500
1.193000000
1.202812500
1.212625000
1.278750000
1.284375000
1.296437500
1.305875000
1.316187500
1.325625000
1.335187500
1.344500000
1.353437500
1.362312500
1.371125000
1.379687500
1.388875000
1.398062500
1.407500000
1.511000000
1.520312500
1.529687500
1.539000000
1.548000000
1.556750000
1.565187500
1.574250000
1.583250000
1.592250000
1.601375000
1.610312500
1.619000000
1.627437500
1.636062500
1.644625000
1.652937500
1.661937500
1.670500000
1.678500000
1.687312500
1.696000000
1.704937500
1.713812500
1.722562500
1.731375000
1.740187500
1.748875000
1.757562500
1.766187500
1.775062500
1.783750000
1.792625000
1.801437500
1.810437500
1.819250000
1.828125000
1.837000000
1.846000000
1.855187500
1.864687500
1.874187500
1.882187500
1.941750000
1.950062500
1.959062500
1.967937500
1.976937500
1.986250000
1.995500000
2.004937500
2.014437500
2.023875000
2.033375000
2.042875000
2.052375000
2.062750000
2.069062500
2.099687500
2.105187500
2.110125000
2.121687500
2.133000000
2.145125000
2.157937500
2.171062500
2.176625000
2.191125000
2.212937500
2.219187500
