0.221500000
0.228375000
0.236937500
0.245625000
0.253937500
0.262000000
0.270000000
0.277937500
0.285875000
0.293875000
0.301875000
0.309687500
0.317562500
0.325250000
0.333187500
0.340812500
0.348437500
0.356062500
0.363687500
0.371375000
0.379062500
0.386500000
0.394000000
0.401500000
0.408937500
0.416437500
0.423812500
0.431187500
0.438625000
0.445937500
0.453625000
0.461437500
0.469250000
0.476875000
0.484187500
0.492062500
0.499812500
0.507437500
0.516000000
0.522625000
0.559687500
0.566000000
0.573000000
0.580250000
0.588125000
0.595750000
0.603437500
0.611187500
0.619062500
0.627062500
0.635125000
0.643250000
0.651250000
0.659250000
0.667187500
0.675125000
0.683062500
0.691062500
0.698875000
0.706687500
0.714437500
0.722187500
0.729625000
0.737187500
0.744687500
0.752000000
0.759187500
0.766250000
0.773187500
0.780250000
0.787250000
0.794437500
0.801437500
0.808562500
0.815750000
0.822875000
0.829937500
0.837000000
0.844125000
0.851125000
0.858312500
0.865437500
0.872437500
0.879625000
0.886812500
0.894187500
0.901750000
0.909312500
0.917125000
0.924875000
0.932500000
0.940000000
0.947625000
0.955375000
0.962812500
0.970312500
0.977750000
0.984937500
0.992187500
0.999187500
1.005687500
1.012250000
1.020500000
1.027562500
1.034750000
1.041875000
1.049062500
1.056437500
1.063750000
1.071250000
1.078812500
1.086437500
1.094500000
1.102437500
1.111000000
1.119437500
1.128312500
1.137187500
1.146125000
1.155437500
1.164875000
1.174187500
1.183687500
1.193062500
1.202000000
1.209750000
1.218500000
1.227625000
1.236562500
1.245437500
1.254562500
1.263500000
1.272750000
1.282062500
1.291625000
1.301500000
1.311062500
1.320312500
1.329562500
1.339187500
1.348562500
1.358250000
1.367875000
1.377312500
1.386687500
1.395812500
1.405062500
1.414562500
1.423750000
1.433187500
1.442500000
1.451625000
1.461187500
1.470437500
1.479562500
1.488312500
1.497937500
1.508000000
1.517250000
1.526750000
1.536125000
1.545937500
1.554937500
1.564375000
1.573562500
1.583125000
1.592625000
1.601687500
1.610875000
1.620125000
1.629312500
1.638625000
1.647812500
1.656687500
1.666250000
1.674937500
1.683437500
1.693562500
1.702562500
1.851375000
1.859687500
1.867562500
1.875500000
1.883562500
1.891625000
1.899812500
1.908125000
1.918062500
1.927187500
1.938500000
1.953000000
1.961125000
1.972250000
1.981500000
1.988562500
2.001000000
2.011375000
2.023312500
2.034250000
2.045812500
2.058125000
2.068000000
2.076687500
2.081312500
2.091562500
2.101000000
2.109562500
