0.240187500
0.247625000
0.256000000
0.263812500
0.271875000
0.280187500
0.288437500
0.296562500
0.304562500
0.312812500
0.321125000
0.329312500
0.337750000
0.346250000
0.354562500
0.363125000
0.371687500
0.380250000
0.388750000
0.397062500
0.405437500
0.413687500
0.422000000
0.430187500
0.438187500
0.446250000
0.454250000
0.462125000
0.470000000
0.477875000
0.485812500
0.494625000
0.503687500
0.511687500
0.538750000
0.546062500
0.553937500
0.570750000
0.579500000
0.724250000
0.732062500
0.739562500
0.746937500
0.754250000
0.761687500
0.769312500
0.776750000
0.784250000
0.791687500
0.798937500
0.806312500
0.813375000
0.820562500
0.827812500
0.835187500
0.951312500
0.960125000
0.968812500
0.977437500
0.986000000
0.994500000
1.002937500
1.011312500
1.015937500
1.025375000
1.034062500
1.043625000
1.053500000
1.117625000
1.125437500
1.133750000
1.142000000
1.150312500
1.158750000
1.167125000
1.175812500
1.182687500
1.192562500
1.200375000
1.406875000
1.414562500
1.421812500
1.429187500
1.436625000
1.444250000
1.452000000
1.459812500
1.467875000
1.476125000
1.484812500
1.493687500
1.499187500
1.508250000
1.517750000
1.527187500
1.536812500
1.546437500
1.556500000
1.566812500
1.577125000
1.588062500
1.600000000	
1.612500000	
1.627687500	
1.640437500	
1.654750000	
1.671500000	
1.691000000	
1.699625000	
1.711750000	
1.787750000
