0.154562500	
0.241875000
0.247562500
0.251625000
0.258250000
0.265125000
0.272687500
0.280125000
0.287562500
0.296062500
0.304500000
0.434937500
0.442187500
0.449062500
0.456000000
0.462750000
0.469750000
0.476687500
0.483375000
0.490187500
0.497937500
0.505125000
0.510000000
0.711312500
0.718312500
0.723125000
0.732000000
0.738875000
0.745875000
0.752937500
0.760125000
0.767562500
0.775312500
0.782437500
0.790937500
0.799562500
0.806687500
0.816125000
0.823687500	
0.829687500
0.854937500
0.862312500
0.869812500
0.877250000
0.884812500
0.892625000
0.900312500
0.908062500
0.915875000
0.923687500
0.931500000
0.939312500
0.947187500
0.954812500
0.962562500
0.970437500
0.978187500
0.984500000
0.992187500
0.999687500
1.009062500
1.016687500
1.024437500
1.032375000
1.040500000
1.048562500
1.056812500
1.065375000
1.074125000
1.083187500
1.092000000
1.101312500
1.110187500
1.119187500
1.128500000
1.137187500
1.146062500
1.156187500
1.165750000
1.175875000
1.186000000
1.196062500
1.205250000
1.214812500
1.224562500
1.234625000
1.242812500
1.250500000
1.258562500
1.349812500
1.359437500
1.367812500
1.376687500
1.384937500
1.393562500
1.402437500
1.411437500
1.420000000
1.428875000
1.438437500
1.447312500
1.456375000
1.465062500
1.474062500
1.482875000
1.491687500
1.500437500
1.509375000
1.518187500
1.526500000
1.535437500
1.544187500
1.553062500
1.561812500
1.570125000
1.578625000
1.586687500
1.594875000
1.602750000
1.610562500
1.618375000
1.626375000
1.634000000
1.642000000
1.649625000
1.657437500
1.665250000
1.673250000
1.679687500
1.688125000
1.695937500
1.705437500
1.712687500
1.720625000
1.730937500
1.849500000	
1.862562500	
1.936937500
1.942375000
1.949250000
1.954437500
1.958875000
1.967875000
1.976000000
1.984312500
1.992437500
2.000562500
2.009000000
2.018000000
2.121437500
2.129687500
2.138312500
2.147437500
2.156500000
2.165062500
2.173625000
2.182187500
2.190875000
2.199312500
2.208125000
2.216812500
2.225562500
2.234312500
2.243125000
2.251937500
2.260687500
2.269500000
2.278250000
2.287125000
2.295812500
2.304500000
2.313250000
2.322812500
2.348062500
2.355562500
2.363625000
2.372812500
2.382187500
2.391062500
2.400000000
2.405250000
2.408937500
2.417750000
2.426500000
2.435125000
2.443875000
2.452750000
2.461125000
2.466250000
2.469937500
2.475250000
2.479562500
2.485062500
2.490375000
2.498687500
2.504125000
2.509687500
2.517500000
2.526250000
2.537187500
2.547187500
2.560187500
2.566500000	
2.574812500
2.591187500
2.598375000
2.624812500
2.634125000
