0.260562500
0.272562500
0.279875000
0.287125000
0.294562500
0.302062500
0.309687500
0.317562500
0.325562500
0.333687500
0.341937500
0.350437500
0.358937500
0.367312500
0.375375000
0.383312500
0.391125000
0.398875000
0.406187500
0.414187500
0.421375000
0.428562500
0.436250000
0.443437500
0.450812500
0.458375000
0.466312500
0.473437500
0.480562500
0.487562500
0.494750000
0.502125000
0.509500000
0.517062500
0.524500000
0.531562500
0.538625000
0.545687500
0.552750000
0.559875000
0.566937500
0.573562500
0.580875000
0.588125000
0.595312500
0.603312500
0.611625000
0.619687500
0.779062500
0.785750000
0.792687500
0.799562500
0.806375000
0.813250000
0.820187500
0.827312500
0.834437500
0.841812500
0.849000000
0.856250000
0.863500000
0.870687500
0.877875000
0.885062500
0.892125000
0.899187500
0.906500000
0.913750000
0.921000000
0.928937500
0.936937500
0.945312500
0.953187500
0.986250000
0.997437500
1.005312500
1.013500000
1.021812500
1.030312500
1.038937500
1.047562500
1.056250000
1.065062500
1.074062500
1.083062500
1.092250000
1.101625000
1.112062500
1.118062500
1.190562500
1.199250000
1.208687500
1.217812500
1.227000000
1.236000000
1.245125000
1.254437500
1.263812500
1.273000000
1.282062500
1.290937500
1.299937500
1.308875000
1.317812500
1.326562500
1.335312500
1.344125000
1.352750000
1.361437500
1.370125000
1.378812500
1.387562500
1.396312500
1.405187500
1.414125000
1.423312500
1.432812500
1.442687500
1.453062500
1.464062500
1.476562500
1.490187500
1.505312500
1.521750000
1.538562500
1.555000000	
1.569687500	
1.586250000	
1.601500000
1.614250000	
