0.325203828291962
0.332753044884768
0.339278150553155
0.346454058279890
0.353165443668537
0.359829049870992
0.366400540650627
0.372943852317495
0.379578192355163
0.386006630662942
0.392531196326549
0.399160846222667
0.405639434463052
0.412215709794415
0.418762104216280
0.425334335395854
0.431971754222346
0.438524586721396
0.445076298061259
0.451574813109710
0.458268624183086
0.464954891868630
0.471764797799985
0.478710474835075
0.552905555741799
0.559454961376346
0.565892667990700
0.572317638514021
0.578563505459760
0.584824441123660
0.590825565971986
0.596964399349013
0.603601877913276
0.610101005325415
0.616581342022638
0.623009895686030
0.629468934400407
0.635968746321816
0.642405477667874
0.648905602775252
0.655379358625149
0.661903046211714
0.668331563172809
0.674821230515896
0.681316554046056
0.687846390089602
0.694257201650693
0.700694230901788
0.707214905373955
0.713786804122796
0.720271256370274
0.726841416199931
0.733443820243998
0.740101734758426
0.746647257379943
0.753277971049911
0.759814004568193
0.766595798738481
0.773468305666574
0.780379945695790
0.886396605608530
0.892950908053824
0.899334986394452
0.905578913942961
0.911954581092859
0.918382437358835
0.924885509164371
0.931375845047127
0.937913009251459
0.944339399750433
0.950850877048490
0.957444228533965
0.964037903152080
0.971095200171984
0.978273759771195
0.985705607464766
0.993573100805266
1.00171844259411
1.00832190974919
1.01469014129865
1.05590657560937
1.06265261996993
1.06965443099498
1.07633892080309
1.08295474383728
1.08951607985968
1.09603358416523
1.10251306215659
1.10890851831166
1.11528247037514
1.12159757065909
1.12789580694681
1.13421365746615
1.14066412930519
1.14695576912498
1.15337746977443
1.15991066675826
1.16658847341642
1.17320211128078
1.17997852668463
1.18675922465718
1.19371434836165
1.20071239536491
1.20789093514951
1.21519335100160
1.22262603430466
1.23020482876924
1.23788257572691
1.24571736565226
1.25370274042455
1.26172213019760
1.26984271355179
1.27796099771467
1.28619477758562
1.29460189635253
1.30288591800179
1.31110054650384
1.31907170815215
1.32720287215068
1.33569110063939
1.34402634079596
1.35256993238493
1.36125185385307
1.36984225858867
1.37845179705912
1.38727718438233
1.39551579619293
1.47365081530858
1.48081339088987
1.48972496995503
1.49678294298871
1.50553069162398
1.51303345959228
1.52126577305501
1.52915040104041
1.53714868161348
1.54514681162765
1.55301131912045
1.56094773108169
1.56889358493540
1.57675937038279
1.58465810310037
1.59254057818955
1.60056373416875
1.60864704258145
1.61731608322760
1.73453300606278
1.74235320331303
1.75031525483853
1.75841365624259
1.76656324800551
1.77490313995896
1.78340725075616
1.79202197976092
1.80072393254141
1.80972449405159
1.81871325733331
1.82775567330904
1.83700896253558
1.84631999510527
1.85556422088740
1.86450440064925
1.87352536664941
1.88266366705057
1.89157708585333
1.90032939738706
1.90891550597851
1.91910141058363
1.94002784392852
1.94566566863809
1.95059405511158
1.95820135517473
1.96696475701356
1.97576004740155
1.98457466012337
1.99321548933998
2.00164672089707
2.01007943707308
2.01864979856267
2.02759338390030
2.03921151239012
2.18052270626199
2.18777401393096
2.19595856138971
2.20431589869072
2.21252961031105
2.22066599182398
2.22876458908665
2.23691496730025
2.24488925636653
2.25297398127991
2.26095621069369
2.26895451253294
2.27694645967461
2.28494267068627
2.29301271183553
2.30146737919736
2.31028221518580
2.31921604936036
2.32862540336268
2.33690969822886
2.34528795396171
2.35315672476618
2.36168925545307
2.37095306235954
2.38002898357555
2.38971751946182
2.39925922900146
2.40907357160221
2.41890269523244
2.42883214880394
2.43883816593038
2.44907222970898
2.45913228864250
2.46947163982532
2.48015655882664
2.49016345378094
2.50100443962844
2.50994499866186
2.52194157777087
2.53045765378045
2.54219545204535
2.55134936593826
2.55912907753908
2.57168931741328
2.57821043269566