0.252750000
0.259000000
0.271750000
0.278812500
0.285687500
0.292562500
0.299500000
0.306500000
0.313500000
0.320312500
0.327562500
0.334625000
0.341687500
0.348750000
0.355750000
0.362750000
0.369687500
0.376625000
0.383500000
0.390375000
0.397375000
0.404250000
0.411125000
0.418062500
0.424937500
0.431812500
0.438625000
0.445375000
0.452250000
0.459000000
0.465625000
0.472500000
0.479312500
0.486125000
0.493000000
0.499875000
0.506812500
0.514125000
0.521812500
0.528250000
0.553500000
0.560875000
0.567937500
0.575062500
0.582375000
0.589562500
0.596812500
0.604062500
0.611375000
0.618875000
0.626500000
0.634625000
0.642875000
0.650750000
0.658687500
0.799125000
0.804750000
0.810937500
0.817812500
0.824187500
0.830562500
0.837062500
0.843187500
0.849937500
0.856937500
0.863812500
0.871062500
0.878687500
0.886687500
0.895187500
0.903875000
0.912812500
0.922312500
0.931937500
0.941875000
0.951875000
0.961625000
0.971437500
0.981687500
0.993500000
1.003625000
1.010250000
1.020562500
1.041437500
1.046687500
1.068562500
1.076875000
1.085437500	
1.091312500
1.101687500
1.111125000
1.120812500
1.130000000
1.139312500
1.148500000
1.157687500
1.166750000
1.175875000
1.184937500
1.193875000
1.202937500
1.212062500
1.221062500
1.230437500
1.239375000
1.248187500
1.257062500
1.265750000
1.274250000
1.282750000
1.291500000
1.300000000
1.308500000
1.317000000
1.325437500
1.333937500
1.342500000
1.350937500
1.359250000
1.367375000
1.375187500
1.383062500
1.390812500
1.398437500
1.406062500
1.562500000
1.570750000
1.579312500
1.588875000
1.597437500
1.608062500
1.615750000
1.626562500
1.635000000
1.647250000
1.654125000
1.666687500	
1.674000000
1.685750000	
1.692375000
1.701062500
1.713250000	
1.719125000	
1.728625000
1.742625000	
1.751437500
1.767875000	
1.778187500
1.795562500	
1.811500000	
1.828187500	
1.844687500	
1.858125000	
1.876187500
1.881625000
1.914062500
