0.241888
0.249700
0.256825
0.261512
0.264763
0.269138
0.272325
0.280200
0.284263
0.287450
0.291825
0.295013
0.302262
0.309513
0.316763
0.324263
0.331888
0.414262
0.421075
0.427388
0.433638
0.439950
0.446325
0.452825
0.459325
0.465825
0.472513
0.479013
0.485450
0.491262
0.497450
0.504513
0.511138
0.517637
0.524325
0.530825
0.537513
0.544013
0.550325
0.556638
0.562950
0.569263
0.575700
0.582450
0.589137
0.718075
0.724013
0.730387
0.736825
0.742637
0.748950
0.755513
0.761888
0.768138
0.774637
0.781262
0.787825
0.794388
0.800825
0.807388
0.813950
0.820450
0.826888
0.833700
0.840013
0.846825
0.853513
0.860200
0.866825
0.873513
0.880325
0.887012
0.893825
0.900388
0.907075
0.913763
0.920262
0.926825
0.933512
0.940137
0.946825
0.953450
0.960137
0.966950
0.973700
0.980575
0.987263
0.994138
1.001012
1.007700
1.014388
1.021075
1.027700
1.034325
1.041200
1.048200
1.054075
1.062075
1.261700
1.268075
1.274325
1.280450
1.286825
1.293263
1.299638
1.306138
1.312513
1.318950
1.325387
1.331825
1.338450
1.345137
1.351887
1.358762
1.365700
1.372762
1.376638
1.379825
1.387013
1.391200
1.394387
1.398450
1.401825
1.405825
1.409325
1.413325
1.417137
1.421137
1.425200
1.430012
1.433575
1.438762
1.442200
1.447700
1.450887
1.456450
1.460075
1.465262
1.468825
1.474700
1.478200
1.483700
1.487825
1.493137
1.497387
1.502700
1.507325
1.513200
1.517387
1.523075
1.527762
1.532950
1.538075
1.543512
1.548513
1.554075
1.558700
1.564138
1.568762
1.574450
1.579137
1.584513
1.589637
1.594825
1.599637
1.605200
1.609637
1.615700
1.619575
1.625950
1.629575
1.782637
1.787950
1.791200
1.795950
1.799263
1.807263
1.815325
1.823512
1.831950
1.839825
1.848012
1.855137
1.917137
1.923200
1.928137
1.931825
1.984763
2.003638
2.011075
2.018763
2.026325
2.033762
2.041138
2.048513
2.055888
2.063325
2.070888
2.078263
2.085763
2.093200
2.100700
2.108262
2.115825
2.123512
2.131200
2.135763
2.138950
2.143575
2.146825
2.151575
2.154825
2.159512
2.163013
2.167950
2.171200
2.175825
2.179575
2.184763
2.188013
2.193325
2.196763
2.201825
2.205513
2.210700
2.214450
2.219388
2.223138
2.228638
2.232325
2.237950
2.241888
2.247638
2.251638
2.257763
2.262075
2.268263
2.273450
2.279263
2.283575
2.289575
2.300888
2.307638
2.325075
2.332200
2.337200
2.350388
2.365388
2.381638
2.432075
2.439513
2.447200
2.454763
2.459200
