0.256375000
0.262312500
0.268875000
0.275375000
0.281875000
0.288250000
0.294687500
0.301187500
0.307687500
0.314187500
0.320812500
0.327500000
0.334500000
0.341312500
0.348625000
0.355375000
0.362625000
0.369562500
0.376562500
0.383312500
0.389937500
0.396375000
0.402812500
0.410187500
0.416437500
0.423437500
0.430000000
0.436812500
0.443625000
0.450562500
0.457562500
0.464562500
0.472062500
0.479562500
0.487250000
0.495062500
0.608687500
0.615000000
0.621812500
0.628625000
0.635312500
0.642250000
0.649687500
0.656687500
0.664062500
0.793125000
0.800125000
0.806875000
0.813500000
0.819750000
0.826125000
0.832625000
0.839312500
0.845875000
0.852500000
0.859062500
0.865687500
0.872375000
0.878750000
0.885312500
0.891625000
0.898312500
0.904500000
0.911437500
0.917187500
0.922375000
0.928812500
0.935187500
0.941312500
0.948437500
0.953812500
0.960875000
0.967500000
0.973750000
0.980250000
0.986562500
0.992937500
0.999375000
1.005937500
1.012562500
1.018937500
1.025500000
1.032125000
1.038687500
1.045562500
1.052375000
1.059437500
1.066750000
1.074187500
1.081937500
1.088750000
1.096000000
1.104937500
1.184625000
1.191812500
1.199250000
1.206312500
1.213875000
1.221062500
1.228187500
1.235375000
1.242687500
1.250125000
1.258000000
1.264937500
1.272312500
1.279750000
1.286500000
1.294000000
1.300500000
1.308000000
1.315687500
1.322875000
1.330187500
1.337062500
1.344187500
1.351062500
1.358125000
1.365000000
1.372000000
1.378937500
1.385937500
1.392937500
1.400000000
1.407125000
1.414250000
1.421625000
1.428625000
1.435937500
1.443250000
1.450687500
1.456687500
1.463937500
1.472312500
1.480187500
1.488375000
1.496687500
1.605437500
1.615562500
1.622562500
1.634687500
1.644187500
1.653750000
1.663500000
1.670750000	
1.678437500	
1.691750000
1.701312500
1.708625000	
1.719937500
1.729000000
1.739062500
1.813562500	
1.839250000
1.846312500
1.853500000
1.861187500
1.868875000
1.876750000
1.884750000
1.892750000
1.900875000
1.908875000
1.916750000
1.924562500
1.932562500
1.940500000
1.948562500
1.957000000
1.966062500
1.974437500
1.983312500
1.991000000
1.999625000
2.008500000
2.018125000
2.026375000
2.035375000
2.043937500
2.052062500
2.060250000
2.067125000
2.075187500
2.083687500
2.092062500
2.100625000
2.109000000
2.117500000
2.126375000
2.134937500
2.143250000
2.151437500
2.158625000
2.167937500
2.176562500
2.183750000
2.193187500
2.202625000
2.328187500
2.335437500
2.342062500
2.348937500
2.355625000
2.362312500
2.369125000
2.376062500
2.383000000
2.390125000
2.397250000
2.404562500
2.411750000
2.418937500
2.426750000
2.434250000
2.442062500
2.449937500
2.457937500
2.466500000
2.474250000
2.483125000
2.500562500
2.509875000
2.529312500
2.536687500	
2.547250000	
2.557250000	
2.567687500	
2.578312500	
2.588687500	
2.600500000	
2.610125000	
2.622187500	
2.638562500	
2.646125000	
2.676125000	
2.694250000
