0.225062500
0.233187500
0.241750000
0.250375000
0.259062500
0.264937500
0.268125000
0.277187500
0.286125000
0.294875000
0.302812500
0.358187500
0.365687500
0.373750000
0.381625000
0.389312500
0.397062500
0.404750000
0.412312500
0.419687500
0.427062500
0.434375000
0.441625000
0.448812500
0.456000000
0.463250000
0.470562500
0.477875000
0.485250000
0.492812500
0.500500000
0.508312500
0.516375000
0.524500000
0.532812500
0.541312500
0.549875000
0.558562500
0.567312500
0.576125000
0.585000000
0.593937500
0.602875000
0.611750000
0.620750000
0.629375000
0.637562500
0.702375000
0.707812500
0.714250000
0.721687500
0.729437500
0.737187500
0.745000000
0.752750000
0.760625000
0.768375000
0.776375000
0.784062500
0.792125000
0.800750000
0.809125000
0.818062500
0.826187500
0.842437500
0.850875000
0.859437500
0.868250000
0.876625000
0.885250000
0.893875000
0.902687500
0.911187500
0.919312500
0.927625000
0.935937500
0.944187500
0.952375000
0.960875000
0.969250000
0.977625000
0.985875000
0.994437500
1.002937500
1.011125000
1.016562500
1.020000000
1.028562500
1.037187500
1.045937500
1.054687500
1.063562500
1.068500000
1.072500000
1.081312500
1.090187500
1.099312500
1.108062500
1.116750000
1.125312500
1.133562500
1.142312500
1.151000000
1.159937500
1.168875000
1.176250000
1.183500000
1.204500000
1.212312500
1.220000000
1.227437500
1.234812500
1.242187500
1.249500000
1.256687500
1.263812500
1.271062500
1.278375000
1.285625000
1.293125000
1.300625000
1.308562500
1.316625000
1.325062500
1.333937500
1.343000000
1.352437500
1.362687500
1.372875000
1.383625000
1.394437500
1.405625000
1.416875000
1.428375000
1.439937500
1.476437500
1.489375000
1.501250000
1.512562500
1.523875000
1.545625000
1.555562500
1.566375000
1.572250000
1.575062500
1.584625000
1.593375000
1.602062500
1.610312500
1.618875000
1.627250000
1.635437500
1.643937500
1.652500000
1.661125000
1.669812500
1.676437500
1.686062500
1.694437500
1.737625000
1.745000000
1.753500000
1.762000000
1.770812500
1.779875000
1.789000000
1.798125000
1.807312500
1.816500000
1.825375000
1.834500000
1.843750000
1.852687500
1.862187500
1.871500000
1.999625000
2.007437500
2.015562500
2.024375000
2.033312500
2.042250000
2.051375000
2.060312500
2.069125000
2.078437500
2.088000000
2.097750000
2.107875000
2.118687500
2.142875000
2.276187500
