0.235125000
0.244062500
0.253312500
0.262625000
0.271875000
0.281125000
0.290437500
0.299625000
0.308875000
0.318125000
0.327500000
0.336875000
0.346375000
0.355812500
0.365437500
0.375062500
0.384687500
0.394312500
0.403937500
0.413562500
0.423000000
0.432500000
0.441812500
0.450875000
0.459875000
0.468812500
0.477687500
0.486062500
0.688375000
0.695500000
0.702500000
0.709562500
0.716562500
0.723625000
0.730812500
0.738187500
0.745500000
0.752937500
0.760312500
0.767812500
0.775312500
0.782812500
0.790562500
0.798250000
0.806062500
0.813750000
0.821625000
0.829625000
0.837875000
0.846250000
0.854625000
0.863062500
0.871562500
0.880000000
0.888375000
0.896625000
0.904937500
0.913125000
0.921250000
0.929625000
0.937625000
0.945437500
0.953812500
0.962437500
0.971062500
0.980000000
0.989500000
0.999812500
1.009125000
1.016312500
1.023562500
1.032937500
1.042062500
1.051250000
1.060437500
1.069750000
1.079062500
1.088187500
1.097312500
1.106250000
1.115000000
1.123625000
1.130437500
1.141187500
1.150750000
1.264875000
1.276187500
1.286812500
1.297500000
1.307937500
1.318562500
1.330187500
1.340937500
1.352875000
1.364125000
1.376562500
1.387375000
1.397812500
1.408937500
1.418312500
1.426687500
1.589187500
1.595437500
1.600812500
1.607625000
1.614750000
1.623687500
1.632062500
1.640375000
1.648687500
1.656875000
1.665062500
1.673187500
1.681187500
1.689375000
1.697562500
1.705937500
1.714125000
1.722500000
1.730937500
1.739812500
1.747187500
1.850000000
1.856562500
1.865750000
1.874562500
1.883500000
1.892437500
1.901437500
1.910562500
1.919875000
1.929000000
1.938187500
1.947312500
1.956250000
1.965625000
1.975000000
1.984125000
1.993125000
2.000812500
2.010625000
2.116625000
2.131625000
2.143375000
2.153000000
2.159125000
2.163437500
2.176812500
2.188312500
2.199812500
2.213687500
2.402500000
2.412437500
2.422750000
2.432437500
2.442562500
2.452062500
2.461062500
2.469437500
2.477687500
2.485812500
2.493750000
2.623562500
2.632937500
2.642500000
2.652312500
2.662750000
2.673750000
2.685062500
2.696375000
2.707062500
2.716250000
2.725250000
2.933000000
2.941875000
2.951375000
2.961125000
2.971250000
2.981562500
2.992312500
3.003625000
3.015625000
3.028375000
3.054937500
3.072625000
3.092187500
