0.024875000	
0.219812500
0.227875000
0.236062500
0.244937500
0.253687500
0.262187500
0.270875000
0.279562500
0.288375000
0.297125000
0.305625000
0.314125000
0.322562500
0.331125000
0.339500000
0.347750000
0.355937500
0.364187500
0.372500000
0.380812500
0.389125000
0.397437500
0.405750000
0.413937500
0.422250000
0.430375000
0.438375000
0.446375000
0.454312500
0.462312500
0.470312500
0.478375000
0.486562500
0.495187500
0.502812500
0.512937500	
0.665750000
0.673437500
0.681375000
0.688937500
0.696500000
0.704062500
0.711562500
0.718937500
0.726312500
0.733375000
0.740437500
0.747187500
0.754187500
0.761375000
0.768625000
0.775812500
0.782875000
0.792250000	
0.802750000	
0.813875000	
0.818750000	
0.971125000
0.978625000
0.986000000
0.993562500
1.001062500
1.008750000
1.016562500
1.024625000
1.032812500
1.041187500
1.050187500
1.060187500
1.065437500
1.080625000	
1.106125000
1.112750000
1.122812500
1.134062500
1.145250000
1.157187500
1.169750000
1.183000000
1.196562500
1.210250000
1.223625000
1.237062500
1.250500000
1.262875000
1.274562500
1.285500000
1.296062500
1.306250000
1.316437500
1.326687500
1.337062500
1.346750000
1.354375000
1.392250000
1.399125000
1.406375000
1.415375000
1.424375000
1.433437500
1.442375000
1.451437500
1.460375000
1.469375000
1.478312500
1.487437500
1.496562500
1.505812500
1.515062500
1.524187500
1.533437500
1.542687500
1.551937500
1.561187500
1.570500000
1.579875000
1.589750000
1.598687500
1.609500000
1.619437500
1.670312500
1.680062500
1.690937500
1.701375000
1.711687500
1.722375000
1.728875000
1.784437500
1.797062500	
1.807625000
1.818437500
1.828062500
1.842312500	
1.856125000
1.869375000
1.881312500
1.894062500	
1.903250000	
1.924562500
1.933062500
