0.230625000
0.237250000
0.243562500
0.253000000
0.262125000
0.271000000
0.280187500
0.288937500
0.300125000
0.393562500
0.402312500
0.410375000
0.418062500
0.426125000
0.434125000
0.442312500
0.450625000
0.459750000
0.468125000
0.477250000
0.486187500
0.494875000
0.503687500
0.512687500
0.521812500
0.531000000
0.540437500
0.548687500
0.557375000
0.566000000
0.574562500
0.583187500
0.592125000
0.598562500
0.612000000
0.617625000
0.629437500
0.637875000
0.647750000
0.656562500
0.665875000
0.675500000
0.684875000
0.694437500
0.703687500
0.712937500
0.722000000
0.730875000
0.739687500
0.748312500
0.756812500
0.765250000
0.773625000
0.782000000
0.790375000
0.798750000
0.807062500
0.815187500
0.823500000
0.831750000
0.840125000
0.848687500
0.857250000
0.865812500
0.874312500
0.882875000
0.891375000
0.899812500
0.908250000
0.916625000
0.925000000
0.933375000
0.942062500
0.950687500
0.959187500
0.967562500
0.976062500
0.984500000
0.993000000
1.001750000
1.010875000
1.019812500
1.112125000
1.119687500
1.129437500
1.147312500
1.153625000
1.162062500
1.172125000
1.180937500
1.191500000
1.201250000
1.211187500
1.263062500
1.271187500
1.279000000
1.287437500
1.296125000
1.304125000
1.312812500
1.321187500
1.329437500
1.337750000
1.346125000
1.354750000
1.363375000
1.372062500
1.380687500
1.389312500
1.397875000
1.406375000
1.414875000
1.423500000
1.432375000
1.441812500
1.450500000
1.545375000
1.553562500
1.564187500
1.575437500
1.587375000
1.597125000
1.607500000
1.616875000
1.626500000
1.636937500
1.647562500
1.744000000
1.755375000
1.765875000
1.777250000
1.789437500
1.802562500
1.809000000
1.824625000
1.840187500
1.856312500
1.874437500
1.893937500
1.914812500
1.920312500
