0.241125000
0.248000000
0.255125000
0.262250000
0.269187500
0.276250000
0.283250000
0.290250000
0.297187500
0.304312500
0.311625000
0.319250000
0.327250000
0.437500000
0.444625000
0.451750000
0.458812500
0.465875000
0.473000000
0.480187500
0.487312500
0.494562500
0.501937500
0.509500000
0.517250000
0.525312500
0.533750000
0.542562500
0.551562500
0.560312500
0.569250000
0.577687500
0.586125000
0.594812500
0.603062500
0.611000000
0.619187500
0.627375000
0.635687500
0.643687500
0.651687500
0.659750000
0.667812500
0.675937500
0.684000000
0.692187500
0.700437500
0.708562500
0.716875000
0.725062500
0.733375000
0.741687500
0.750187500
0.758687500
0.767312500
0.776125000
0.784750000
0.793500000
0.802437500
0.811062500
0.820250000
0.829187500
0.837937500
0.847125000
0.856250000
0.865312500
0.874500000
0.883687500
0.892937500
0.902187500
0.911500000
0.920687500
0.929562500
0.938312500
0.947250000
1.164187500
1.171250000
1.179312500
1.187312500
1.195437500
1.203312500
1.211250000
1.219125000
1.227062500
1.235187500
1.243312500
1.251562500
1.259812500
1.268125000
1.276375000
1.284625000
1.292812500
1.301062500
1.309250000
1.317375000
1.325375000
1.333437500
1.342062500
1.351750000
1.359437500
1.417687500
1.427562500
1.438125000
1.448625000
1.459062500
1.469125000
1.479500000
1.490000000
1.500687500
1.511312500
1.522000000
1.532937500
1.543375000
1.553500000
1.563312500
1.572875000
1.581812500
1.703062500
1.712687500
1.722312500
1.731062500
1.740687500
1.750250000
1.760187500
1.770187500
1.780562500
1.791250000
1.802187500
1.813437500
1.825000000
1.836875000
1.849125000
1.861437500
1.874187500
1.887062500
1.898562500
1.910625000
1.920437500
1.931000000
1.942375000
