0.226513
0.234263
0.242512
0.251263
0.259638
0.267825
0.276325
0.281200
0.284888
0.289637
0.293325
0.298075
0.301762
0.306513
0.310200
0.314763
0.318575
0.323138
0.326950
0.331512
0.335325
0.339763
0.343513
0.347888
0.351637
0.359450
0.367138
0.374575
0.381825
0.388888
0.395700
0.402325
0.408825
0.415137
0.421388
0.427575
0.433638
0.439763
0.445763
0.451825
0.457763
0.463763
0.469700
0.475700
0.481700
0.487325
0.493200
0.498513
0.639012
0.644950
0.650763
0.656637
0.662325
0.668138
0.673950
0.679763
0.685638
0.691512
0.697450
0.703388
0.709325
0.715325
0.721325
0.727387
0.733513
0.739825
0.746263
0.752387
0.758825
0.843200
0.849825
0.856012
0.862200
0.868513
0.874700
0.880825
0.887012
0.893262
0.899575
0.905887
0.912325
0.918763
0.925512
0.932450
0.939512
0.946638
0.954075
0.962075
0.970575
0.979387
0.988075
0.996637
1.005200
1.012762
1.020388
1.027887
1.031638
1.035325
1.039263
1.042888
1.050387
1.058012
1.062138
1.065637
1.071262
1.080637
1.085825
1.089325
1.093700
1.097200
1.101575
1.105262
1.109700
1.113450
1.118012
1.121763
1.127512
1.130762
1.138762
1.147137
1.155387
1.163637
1.171950
1.180325
1.188825
1.197138
1.205637
1.209700
1.213887
1.218075
1.222325
1.226450
1.230575
1.234700
1.238763
1.243012
1.246887
1.251075
1.254887
1.259137
1.262762
1.267012
1.270512
1.274762
1.278200
1.285762
1.293325
1.300700
1.307950
1.315012
1.321950
1.328762
1.335512
1.342200
1.348762
1.355325
1.361887
1.368387
1.374825
1.381388
1.387762
1.394012
1.400700
1.407450
1.414012
1.420012
1.451387
1.456950
1.463700
1.470388
1.477075
1.483700
1.490450
1.497262
1.504388
1.511387
1.518450
1.522075
1.525825
1.529325
1.533325
1.540762
1.548262
1.555700
1.563200
1.570637
1.577887
1.585200
1.592387
1.599637
1.606950
1.614575
1.621763
1.628950
1.636700
1.755512
1.761387
1.764637
1.773575
1.779512
1.782700
1.791387
1.797075
1.800262
1.809075
1.814888
1.818575
1.824012
1.827763
1.833200
1.837137
1.847012
1.856075
1.865325
1.875137
1.884700
1.893700
1.903262
1.912450
1.921325
1.929825
1.938387
1.946825
1.954950
1.962700
1.971700
1.980137
2.072700
2.080200
2.087763
2.095200
2.102825
2.110638
2.118388
2.125888
2.133513
2.141200
2.148950
2.153325
2.156700
2.160888
2.164450
2.168638
2.172325
2.176638
2.180013
2.184388
2.187950
2.192325
2.195888
2.203825
2.211825
2.219825
2.227825
2.236200
2.244825
2.253700
2.326388
2.335138
2.339700
2.343763
2.348263
2.352638
2.361450
2.369575
2.377887
2.386450
2.392825
2.401575
2.411013
2.469513
2.477450
2.485638
2.493700
2.501700
2.509638
2.517575
2.525387
2.533200
2.541075
2.548950
2.556637
2.564138
2.571450
2.578700
2.585888
2.592825
2.599825
2.606638
2.613388
2.620075
2.626700
2.633263
2.639825
2.646388
2.653013
2.659575
2.666263
2.673200
2.680325
2.687575
2.695450
2.703325
2.809950
2.813138
2.818888
2.822513
2.831263
2.836825
2.840513
2.846075
2.849700
2.855075
2.859263
2.864700
2.868888
2.874575
2.878888
2.888888
2.894450
2.899263
2.904762
2.926575
2.932138
2.937888
2.949700
3.056763
3.064388
