0.059312500	
0.228875000
0.232625000
0.237312500
0.244250000
0.251687500
0.259625000
0.267562500
0.275625000
0.284000000
0.292812500
0.301875000
0.309437500	
0.321937500	
0.333250000	
0.342187500	
0.351375000
0.359187500
0.366312500
0.373312500
0.380125000
0.386875000
0.393687500
0.400875000
0.408125000
0.415625000
0.423250000
0.430812500
0.438875000
0.446562500
0.454125000
0.492312500
0.500250000
0.508062500
0.515687500
0.523062500
0.530500000
0.537687500
0.544687500
0.551750000
0.558812500
0.565875000
0.572937500
0.580125000
0.587312500
0.594562500
0.601750000
0.609125000
0.616687500
0.624250000
0.632000000
0.639937500
0.648437500
0.657375000
0.666500000
0.675125000
0.684437500
0.693562500
0.702312500
0.711437500
0.720562500
0.730125000
0.739687500
0.749250000
0.759125000
0.768500000
0.778062500
0.787687500
0.797437500
0.807000000
0.816562500
0.826187500
0.835750000
0.845312500
0.854687500
0.864062500
0.873250000
0.882250000
0.891000000
0.896500000
0.899812500
0.908500000
0.917312500
0.926000000
0.934812500
0.943375000
0.951812500
0.960437500
0.968812500
0.977312500
0.985750000
0.994250000
1.002687500
1.011312500
1.019750000
1.028375000
1.036937500
1.045687500
1.054625000
1.063562500
1.072437500
1.081375000
1.090312500
1.099187500
1.108062500
1.116750000
1.125312500
1.133750000
1.142187500
1.150687500
1.159250000
1.167812500
1.176687500
1.185500000
1.194187500
1.202437500
1.211062500
1.219562500
1.227937500
1.236250000
1.244562500
1.252687500
1.260875000
1.268937500
1.277000000
1.285312500
1.293062500
1.396687500
1.403875000
1.411625000
1.419187500
1.426750000
1.434750000
1.442875000
1.451000000
1.459187500
1.467250000
1.475437500
1.483625000
1.491937500
1.500312500
1.508687500
1.517125000
1.525562500
1.533937500
1.542250000
1.550687500
1.559625000
1.567750000
1.699312500
1.707375000
1.715125000
1.722875000
1.730875000
1.739000000
1.747125000
1.755250000
1.763437500
1.772125000
1.780937500
1.790187500
1.834625000
1.840937500
1.846062500
1.857312500
1.865750000
1.874437500
1.883250000
1.892250000
1.901375000
1.910562500
1.919750000
1.928875000
1.937875000
1.947062500
1.955250000
1.963750000
1.972000000
1.980312500
1.988625000
1.996875000
2.005125000
2.013312500
2.021500000
2.029750000
2.037562500
2.045812500
2.053937500
2.062187500
2.070375000
2.078687500
2.087187500
2.095875000
2.104875000
2.114375000
2.123750000
2.133500000
2.142687500
2.152312500
2.162000000
2.172687500
2.182937500
2.193500000
2.204187500
2.213812500
2.223937500
2.232875000
2.241312500
2.248500000
2.409437500
2.417500000
2.425750000
2.433937500
2.442125000
2.450437500
2.458750000
2.467062500
2.475375000
2.484250000
2.491250000
2.635562500
2.647625000
2.660062500
2.670187500
2.683437500
2.694312500
2.708437500
2.720937500
2.734562500
2.750625000
2.756562500	
2.790812500
2.801312500	
2.822125000	
2.838625000	
2.857562500	
2.889687500
2.896125000	
