0.299062500
0.314125000
0.320312500
0.327000000
0.333125000
0.339625000
0.346250000
0.352687500
0.359125000
0.365812500
0.372125000
0.378437500
0.385000000
0.391562500
0.398437500
0.404875000
0.411625000
0.418500000
0.425562500
0.432375000
0.440187500
0.483187500
0.489312500
0.496000000
0.502437500
0.509125000
0.515750000
0.522250000
0.529000000
0.535812500
0.542312500
0.548250000
0.556250000
0.562062500
0.569750000
0.576500000
0.583750000
0.590250000
0.597500000
0.604437500
0.611187500
0.618312500
0.625125000
0.631750000
0.638437500
0.645312500
0.651812500
0.658875000
0.665312500
0.672437500
0.679062500
0.686250000
0.693125000
0.700062500
0.707125000
0.714562500
0.721750000
0.728625000
0.735875000
0.743500000
0.750437500
0.758187500
0.765062500
0.773500000	
0.780000000
0.786812500
0.791812500
0.798312500
0.804750000
0.811187500
0.817625000
0.823500000
0.832562500
0.839437500
0.846500000
0.853500000
0.860625000
0.867312500
0.874500000
0.881187500
0.888125000
0.894312500
0.900875000
0.907875000
0.913875000
0.920562500
0.927375000
0.934625000
1.062375000
1.070562500
1.078687500
1.086937500
1.095062500
1.102562500
1.111312500
1.120562500
1.129500000
1.138062500
1.146625000
1.155625000
1.164625000
1.173375000
1.180687500
1.189687500
1.198812500
1.209500000
1.218375000
1.227187500
1.236125000
1.243937500
1.252687500
1.262625000
1.271375000
1.280125000
1.288437500
1.296687500
1.305062500
1.313437500
1.321750000
1.329312500
1.338312500
1.347562500
1.357562500
1.461812500
1.469062500
1.475937500
1.481687500
1.489250000
1.497375000
1.503062500
1.510625000
1.518625000
1.525250000
1.532312500
1.539437500
1.546375000
1.553750000
1.673687500
1.681250000
1.688812500
1.696312500
1.703687500
1.711562500
1.717875000
1.725500000
1.732687500
1.747937500
1.757687500
1.767437500
1.775687500
1.785687500
1.793937500
1.802125000
1.810375000
1.817437500
1.824875000
1.833250000
1.842500000
1.850625000
1.858812500
1.867125000
1.874437500
1.882937500
1.892625000
1.900187500
1.906750000
1.950062500
1.957500000
1.963687500
1.972062500
1.979937500
1.988000000
1.997187500
2.004687500
2.012125000
2.019125000
2.027687500
2.035625000
2.043312500
2.050312500
2.058812500
2.066562500
2.074750000
2.083437500
2.091000000
2.099375000
2.108250000
2.118625000
2.230250000
2.241125000
2.251562500
2.260312500
2.273562500
2.281500000
2.300562500
2.314062500
2.331125000
2.344875000
