0.241750000
0.247562500
0.253562500
0.261000000
0.268750000
0.276500000
0.284500000
0.292625000
0.300875000
0.309125000
0.317250000
0.326062500
0.335062500
0.343125000	
0.427125000
0.435187500
0.444000000
0.452750000
0.461812500
0.471062500
0.480250000
0.489375000
0.498187500
0.505750000
0.512812500
0.542062500
0.546125000
0.552375000
0.559687500
0.566812500
0.573875000
0.580937500
0.588250000
0.595562500
0.602937500
0.610187500
0.617500000
0.624875000
0.632312500
0.639812500
0.647500000
0.655250000
0.663187500
0.671187500
0.679312500
0.687750000
0.696250000
0.704937500
0.713875000
0.723187500
0.731937500
0.968250000
0.974875000
0.982375000
0.990125000
0.998000000
1.005750000
1.013562500
1.021500000
1.029500000
1.037750000
1.046062500
1.054500000
1.063000000
1.068437500
1.071687500
1.080312500
1.089062500
1.097875000
1.106687500
1.115562500
1.124562500
1.133750000
1.142875000
1.151937500
1.160875000
1.169812500
1.178687500
1.187562500
1.196375000
1.205125000
1.213875000
1.222562500
1.231000000
1.239312500
1.247625000
1.255687500
1.263812500
1.271812500
1.279687500
1.287437500
1.295500000
1.303375000
1.311375000
1.319187500
1.326562500
1.407937500
1.415062500
1.422312500
1.429562500
1.437062500
1.444750000
1.453687500
1.462500000
1.471062500
1.541000000
1.549562500
1.558375000
1.566750000
1.575187500
1.583687500
1.592250000
1.597625000
1.600875000
1.609750000
1.618562500
1.627500000
1.636500000
1.645562500
1.654750000
1.664000000
1.673187500
1.682437500
1.691687500
1.701062500
1.710375000
1.719812500
1.729187500
1.738500000
1.747875000
1.757250000
1.766875000
1.776562500
1.786187500
1.795875000
1.805687500
1.815375000
1.825000000
1.834625000
1.844000000
1.853312500
1.862500000
1.871625000
1.880687500
1.887562500
2.020312500
2.027937500
2.035437500
2.043000000
2.050937500
2.058875000
2.066937500
2.075000000
2.083312500
2.091750000
2.100312500
2.109187500
2.118625000
2.129687500
2.216062500
2.226812500
2.236437500
2.247500000
2.258250000
2.269437500
2.281187500
2.293500000
2.306937500
2.322062500
2.339375000
2.349937500	
2.368125000	
2.387000000	
2.399312500	
2.407250000
2.412187500
2.443750000
