0.220250000
0.227687500
0.235000000
0.242437500
0.249812500
0.257375000
0.264937500
0.272812500
0.280687500
0.289062500
0.297187500
0.305187500
0.340562500
0.361812500
0.368062500	
0.375812500
0.383500000
0.390750000
0.398062500
0.405187500
0.412500000
0.419750000
0.427375000
0.434937500
0.442687500
0.450812500
0.458437500
0.526500000
0.533937500
0.541125000
0.548625000
0.555687500
0.562937500
0.570187500
0.577500000
0.584937500
0.592375000
0.599500000
0.607000000
0.614125000
0.621437500
0.628562500
0.635625000
0.642750000
0.648625000
0.656375000
0.663187500
0.670062500
0.677187500
0.684125000
0.691187500
0.698062500
0.704875000
0.711687500
0.718500000
0.725437500
0.732562500
0.739625000
0.746875000
0.754000000
0.761500000
0.768875000
0.776500000
0.784062500
0.789937500
0.797812500
0.807500000
0.815625000
0.824312500
0.832750000
0.855875000
0.864062500
0.874812500
0.882812500
0.890750000
0.898687500
0.906562500
0.914312500
0.922000000
0.929562500
0.937125000
0.944687500
0.952250000
0.959812500
0.967375000
0.974937500
0.982500000
0.990125000
0.997687500
1.004937500
1.012437500
1.020125000
1.027687500
1.035500000
1.043187500
1.050750000
1.058125000
1.065687500
1.073500000
1.081500000
1.089250000
1.223812500
1.231437500
1.238750000
1.246062500
1.253375000
1.260750000
1.266750000
1.275687500
1.283125000
1.290625000
1.298125000
1.305750000
1.313500000
1.320812500
1.330187500
1.338750000
1.347500000
1.356500000
1.365312500
1.374125000
1.383187500
1.392250000
1.401562500
1.410312500
1.418000000	
1.427187500	
1.436250000
1.451312500	
1.641812500
1.649000000
1.656500000
1.664125000
1.672375000
1.678937500
1.685437500
1.694062500
1.702250000
1.712937500
1.721312500
1.729562500
1.738125000
1.743687500
1.771625000
1.779562500
1.788312500
1.796875000
1.805375000
1.813875000
1.822375000
1.827687500
1.836187500
1.847187500
1.855375000
1.863250000
1.871125000
1.878937500
1.886625000
1.894250000
1.901812500
1.909312500
1.916812500
1.924250000
1.931875000
1.939437500
1.947062500
1.954687500
1.962375000
1.970062500
1.977875000
1.985750000
1.993687500
2.001625000
2.009437500
2.017312500
2.025250000
2.033062500
2.041000000
2.048875000
2.056625000
2.064562500
2.072437500
2.080250000
2.087937500
2.095812500
2.103312500
2.110937500
2.118875000
2.242875000
2.250625000
2.258750000
2.266000000
2.273937500
2.282125000
2.290187500
2.298312500
2.305687500
2.315250000
2.323812500
2.332250000
2.339500000
2.349625000
2.356812500
2.365000000
2.376312500
2.385437500
2.394250000
2.412375000
2.421500000
2.430687500
2.439937500
2.449312500
2.458625000
2.467937500
2.477437500
2.486875000
2.496187500
2.505812500
2.514937500
2.524750000
2.533250000
2.543750000
2.562312500
2.569437500	
2.579000000	
2.588187500	
2.597125000
2.608187500
2.616187500
2.622250000
2.634375000
2.643812500
2.651812500
2.660687500	
