0.215937500
0.221125000
0.238937500
0.244375000
0.252812500
0.261000000
0.269000000
0.277000000
0.285062500
0.293062500
0.301000000
0.309000000
0.316937500
0.324875000
0.332937500
0.340937500
0.349062500
0.357187500
0.365312500
0.373500000
0.381812500
0.390125000
0.398500000
0.407000000
0.415625000
0.424187500
0.432750000
0.441125000
0.449312500
0.457687500
0.466125000
0.474687500
0.483312500
0.491875000
0.500312500
0.508750000
0.517000000
0.525187500
0.533312500
0.541000000
0.549000000
0.556687500
0.564437500
0.572062500
0.579875000
0.587625000
0.595375000
0.603125000
0.610937500
0.618625000
0.626437500
0.634312500
0.642187500
0.650000000
0.657812500
0.665625000
0.673312500
0.681000000
0.688562500
0.696250000
0.703812500
0.711250000
0.718687500
0.726125000
0.733687500
0.741000000
0.748625000
0.756937500
0.765750000
0.819500000
0.825062500
0.832250000
0.840562500
0.849250000
0.858000000
0.866812500
0.875687500
0.884750000
0.893750000
0.902750000
0.911500000
0.920250000
0.928812500
0.937562500
0.946187500
0.954312500
0.962937500
0.971562500
0.980250000
0.988937500
0.997625000
1.006437500
1.015187500
1.024000000
1.032875000
1.041625000
1.050500000
1.059312500
1.068062500
1.074812500
1.078125000
1.085062500
1.231812500
1.239875000
1.246687500
1.254000000
1.261687500
1.269687500
1.277437500
1.284937500
1.292750000
1.300500000
1.308187500
1.315937500
1.323812500
1.331625000
1.339562500
1.347562500
1.355687500
1.363812500
1.372625000
1.380937500
1.389187500
1.397562500
1.405812500
1.414500000
1.423250000
1.432312500
1.517500000
1.524312500
1.531937500
1.540562500
1.549687500
1.696687500
1.704312500
1.712062500
1.720625000
1.728750000
1.736937500
1.745125000
1.753625000
1.762687500
1.771937500
1.781375000
1.791000000
1.800937500
1.811187500
1.821625000
1.832250000
1.843375000
1.854812500
1.866437500
1.878562500
1.890625000
1.901000000
1.915187500
1.926187500
1.938062500
1.946125000
