0.226562500
0.234000000
0.243750000
0.251062500
0.259687500
0.268500000
0.277250000
0.285750000
0.294437500
0.303062500
0.311687500
0.318625000
0.329125000
0.338312500
0.347875000
0.357250000
0.366437500
0.375562500
0.384500000
0.393562500
0.402437500
0.411312500
0.420125000
0.428937500
0.437687500
0.446375000
0.454875000
0.463250000
0.471312500
0.479187500
0.487125000
0.494812500
0.503062500
0.644625000	
0.651750000
0.659187500
0.666812500
0.673937500
0.681125000
0.688125000
0.695062500
0.701875000
0.708500000
0.715062500
0.721812500
0.728562500
0.735312500
0.742125000
0.749062500
0.756187500
0.763437500
0.770812500
0.778125000
0.785250000
0.792375000
0.799500000
0.806750000
0.813312500
0.821312500
0.827937500
0.835562500
0.843562500
0.851562500
0.859125000
0.866937500
0.874375000
0.882125000
0.889500000
0.897000000
0.904437500
0.911875000
0.919250000
0.926687500
0.934125000
0.941687500
0.949437500
0.958000000
0.967500000
0.974187500
0.981687500
0.989125000
0.996750000
1.003625000
1.011250000
1.018875000
1.026562500
1.034250000
1.042812500
1.050500000
1.055562500
1.063437500
1.071312500
1.079250000
1.087625000
1.096187500
1.105312500
1.116312500
1.124375000
1.132750000
1.140875000
1.148937500
1.157062500
1.165750000
1.174000000
1.182250000
1.189687500
1.199250000
1.207687500
1.216125000
1.224875000
1.233750000
1.242437500
1.251062500
1.259875000
1.268625000
1.277437500
1.286187500
1.295000000
1.303812500
1.312562500
1.321312500
1.329937500
1.338500000
1.347000000
1.355437500
1.363750000
1.372437500
1.377937500
1.391250000
1.397500000
1.408937500
1.455875000
1.463875000
1.472562500
1.481125000
1.490125000
1.502312500
1.604500000
1.613250000
1.622937500
1.632000000
1.640812500
1.649875000
1.658875000
1.668000000
1.677187500
1.686562500
1.696125000
1.705875000
1.715750000
1.725875000
1.735750000
1.746062500
1.756062500
1.766625000
1.777375000
1.788375000
1.794562500
