0.026562500	
0.219750000
0.228250000
0.237375000
0.245500000
0.253625000
0.261937500
0.270125000
0.278625000
0.287375000
0.296125000
0.304937500
0.313812500
0.322625000
0.331312500
0.339937500
0.348437500
0.356937500
0.365125000
0.373250000
0.381062500
0.388562500
0.395937500
0.403250000
0.410062500
0.416687500
0.423625000
0.430437500
0.437437500
0.445625000
0.536625000
0.543312500
0.550000000
0.556812500
0.563687500
0.570812500
0.578062500
0.585125000
0.735437500
0.741687500
0.748125000
0.754437500
0.760812500
0.767250000
0.773750000
0.780250000
0.787125000
0.794000000
0.801125000
0.808562500
0.898062500
0.906375000
0.914687500
0.922937500
0.931250000
0.939812500
0.948500000
0.957375000
0.966437500
0.975500000
0.985000000
0.994500000
1.004312500
1.014125000
1.024125000
1.033875000
1.043500000
1.053125000
1.062750000
1.072312500
1.082125000
1.091875000
1.102187500
1.108875000	
1.127937500
1.135687500
1.144687500
1.153062500
1.160812500
1.167562500
1.174687500
1.263187500
1.271500000
1.279937500
1.288812500
1.297750000
1.306562500
1.315187500
1.323812500
1.332500000
1.341250000
1.350250000
1.359437500
1.368687500
1.377937500
1.387187500
1.396375000
1.405187500
1.413875000
1.422625000
1.431312500
1.439937500
1.448750000
1.457687500
1.465000000
1.534375000
1.541875000
1.550312500
1.558687500
1.567125000
1.575500000
1.583750000
1.592000000
1.600125000
1.608187500
1.616250000
1.624375000
1.632375000
1.640312500
1.648187500
1.655937500
1.663625000
1.671312500
1.679000000
1.686562500
1.694125000
1.701750000
1.709437500
1.717187500
1.725000000
1.732812500
1.740875000
1.749000000
1.757187500
1.765625000
1.774125000
1.782750000
1.791437500
1.800062500
1.808687500
1.817312500
1.826000000
1.834687500
1.844062500
1.852812500
2.053437500	
2.068687500
2.075750000
2.083312500
2.090687500
2.098000000
2.105375000
2.112750000
2.120125000
2.127562500
2.135062500
2.142500000
2.150000000
2.157625000
2.165312500
2.173312500
2.181187500
2.291500000
2.301187500
2.310062500
2.319625000
2.329937500
2.339937500
2.350062500
2.360500000
2.371250000
2.382312500
2.393437500
2.404687500
2.416250000
2.427625000
2.438500000
2.448687500
2.458375000
2.468062500
2.478500000
2.486812500
2.527250000
2.537250000
2.547125000
2.556812500
2.566187500
2.575187500
2.584187500
2.593062500
2.601937500
2.610812500
2.619875000
2.628937500
2.638000000
2.647000000
2.656125000
2.665187500
2.674437500
2.683875000
2.693312500
2.703000000
2.712875000
2.722937500
2.733312500
2.744062500
2.755187500
2.767000000
2.779687500
2.793375000
2.809062500
2.825312500	
2.844937500	
2.863937500	
2.881625000	
2.898750000	
2.915000000	
2.927187500	
