0.272375000
0.279500000
0.286812500
0.294250000
0.301500000
0.308687500
0.316000000
0.323375000
0.330812500
0.338187500
0.345562500
0.353062500
0.360500000
0.368312500
0.376250000
0.384125000
0.392062500
0.400125000
0.408312500
0.417312500
0.424937500
0.432375000
0.440125000
0.447937500
0.455937500
0.463750000
0.493500000	
0.500000000	
0.506625000
0.512375000
0.518062500
0.524875000
0.532312500
0.539125000
0.546000000
0.552750000
0.559312500
0.565312500
0.572125000
0.578625000
0.584812500
0.592750000
0.599375000
0.606125000
0.612625000
0.619625000
0.626375000
0.633375000
0.640562500
0.648562500
0.656000000
0.663125000
0.671062500
0.679250000
0.687500000
0.696000000
0.704750000
0.713625000
0.722500000
0.731312500
0.740062500
0.748687500
0.757875000
0.766187500
0.775937500
0.904562500
0.911312500
0.920125000
0.928312500
0.936750000
0.945062500
0.953437500
0.961562500
0.969625000
0.977562500
0.986250000
0.994250000
1.003000000
1.170562500
1.177875000
1.185500000
1.193125000
1.200812500
1.208312500
1.215750000
1.223250000
1.230812500
1.238312500
1.245812500
1.253250000
1.260625000
1.267812500
1.275125000
1.282312500
1.289437500
1.296375000
1.303625000
1.310375000
1.317187500
1.324000000
1.331000000
1.446937500
1.454437500
1.462187500
1.469937500
1.477812500
1.485937500
1.494125000
1.502687500
1.509187500
1.518312500
1.527125000
1.538125000
1.545625000
1.556625000
1.566312500
1.572000000
1.579875000
1.600937500
1.607312500
1.614312500
1.624437500
1.631062500
1.642000000
1.650062500
1.660687500
1.669812500
1.678375000
1.687250000
1.695812500
1.704375000
1.712937500
1.721625000
1.730312500
1.739187500
1.748062500
1.757125000
1.766312500
1.773812500
1.783312500
1.794312500
1.804000000
1.813312500
1.822937500
1.832000000
1.841187500
1.850250000
1.859312500
1.868187500
1.876250000
1.884625000
1.895062500
1.904000000
1.912812500
1.921562500
1.930687500
1.939937500
1.949125000
1.958687500
2.007000000
2.015062500
2.023562500
2.031562500
2.039812500
2.047937500
2.055000000
2.064062500
2.072125000
2.080062500
2.088062500
2.096250000
2.104500000
2.112812500
2.121250000
2.129750000
2.138250000
2.146937500
2.154500000
2.163000000
2.172000000
2.180812500
2.189562500
2.199562500
2.209062500
2.218375000
2.227500000
2.238875000
2.248687500
2.256875000
2.268812500
2.275000000
2.283937500
2.292562500
2.305687500
2.315562500
2.328875000
2.338312500
2.355812500
2.364875000
2.378625000
2.386937500
2.398875000
