0.233138
0.239575
0.247575
0.253075
0.256263
0.261700
0.264950
0.270263
0.273763
0.279263
0.282637
0.288075
0.291388
0.296513
0.300138
0.305638
0.308887
0.314075
0.317575
0.322950
0.326263
0.331450
0.334950
0.340325
0.343700
0.349137
0.352325
0.357513
0.360825
0.365888
0.369200
0.377200
0.385075
0.393200
0.401325
0.409263
0.416700
0.540575
0.547575
0.554700
0.561825
0.569200
0.576575
0.584200
0.591575
0.701825
0.708263
0.714512
0.720888
0.727263
0.733638
0.740075
0.746450
0.752825
0.759575
0.766200
0.772388
0.784388
0.827638
0.833325
0.846513
0.859138
0.865387
0.871763
0.878012
0.884513
0.888012
0.891262
0.898012
0.904950
0.908700
0.911887
0.918950
0.926075
0.933200
0.940388
0.947887
0.956075
0.963325
0.970762
0.978200
0.985575
0.993012
1.000575
1.008137
1.015825
1.020637
1.023887
1.031950
1.040075
1.048200
1.053450
1.056700
1.062075
1.065263
1.070450
1.073700
1.079137
1.082325
1.087512
1.090825
1.096200
1.099450
1.104825
1.108200
1.113700
1.117013
1.122450
1.126200
1.131325
1.135137
1.140137
1.144387
1.149325
1.153637
1.158200
1.163325
1.168762
1.172825
1.178575
1.182200
1.188575
1.198387
1.345950
1.354575
1.363887
1.373200
1.379450
1.382825
1.388512
1.391762
1.397825
1.401075
1.406325
1.410387
1.416450
1.419950
1.426200
1.429575
1.435262
1.438950
1.448450
1.458012
1.463825
1.467762
1.477825
1.483825
1.487762
1.497950
1.503575
1.508262
1.513387
1.518137
1.523762
1.528512
1.533887
1.538200
1.548012
1.557762
1.567512
1.573325
1.576700
1.585950
1.591575
1.595137
1.601012
1.604325
1.610262
1.613575
1.622387
1.631262
1.640012
1.648638
1.656950
1.665637
1.670512
1.674263
1.679637
1.682825
1.688137
1.691387
1.696950
1.700262
1.705575
1.709075
1.714388
1.718137
1.723138
1.727262
1.736637
1.742075
1.746512
1.751887
1.756575
1.761700
1.766575
1.777075
