0.224875000
0.242125000
0.249750000
0.259125000
0.267062500
0.275375000
0.283750000
0.292250000
0.300687500
0.309187500
0.317812500
0.326437500
0.335000000
0.343625000
0.352187500
0.360750000
0.369375000
0.378187500
0.386250000
0.394562500
0.402687500
0.410750000
0.418562500
0.426250000
0.434000000
0.442437500
0.449937500
0.457625000
0.577437500
0.584562500
0.591562500
0.598875000
0.606312500
0.613750000
0.736562500
0.743062500
0.750187500
0.757562500
0.764687500
0.772062500
0.779500000
0.787000000
0.794500000
0.802000000
0.809750000
0.817625000
0.825562500
0.833437500
0.841375000
0.848937500
0.856437500
0.863375000
0.873625000
0.880125000
0.887375000
0.895312500
0.903750000
0.911875000
0.920062500
0.928375000
0.936625000
0.944937500
0.953250000
0.961625000
0.970000000
0.978437500
0.986937500
0.995500000
1.004125000
1.012687500
1.021312500
1.030062500
1.038750000
1.047562500
1.056437500
1.065500000
1.074437500
1.083375000
1.092375000
1.101312500
1.110125000
1.119187500
1.128187500
1.137250000
1.146187500
1.155187500
1.164000000
1.172937500
1.181687500
1.190312500
1.199312500
1.208250000
1.217437500
1.304437500
1.313875000
1.323750000
1.333062500
1.342437500
1.351812500
1.361312500
1.370937500
1.380562500
1.390125000
1.399562500
1.408875000
1.418187500
1.427812500
1.437687500
1.446937500
1.463562500
1.469750000
1.476312500
1.483437500
1.492062500
1.501625000
1.510687500
1.519750000
1.529125000
1.538125000
1.547750000
1.557187500
1.566437500
1.575250000
1.584687500
1.593625000
1.602375000
1.611687500
1.620437500
1.629562500
1.638062500
1.740687500
1.747000000
1.767000000
1.773000000
1.792500000	
1.805125000	
1.817375000	
1.831312500	
1.843437500	
1.856875000	
1.865125000
1.880187500
