0.103312500	
0.229937500
0.236187500	
0.241187500
0.249125000
0.258000000
0.265875000
0.273937500
0.282062500
0.290125000
0.298187500
0.306125000
0.314187500
0.322187500
0.330312500
0.338562500
0.346750000
0.354812500
0.362750000
0.370687500
0.378625000
0.386500000
0.394312500
0.402187500
0.409875000
0.417812500
0.425437500
0.433187500
0.441062500
0.449250000
0.457437500
0.566125000
0.573375000
0.580375000
0.587500000
0.594687500
0.601812500
0.608937500
0.616125000
0.623187500
0.630250000
0.637375000
0.644437500
0.651500000
0.658437500
0.665312500
0.672125000
0.679125000
0.686062500
0.693000000
0.700000000
0.706937500
0.713812500
0.720812500
0.727750000
0.734687500
0.741625000
0.748562500
0.755625000
0.762625000
0.769625000
0.776625000
0.783625000
0.790437500
0.797375000
0.804375000
0.811437500
0.818500000
0.825500000
0.832500000
0.839500000
0.846500000
0.853500000
0.860437500
0.867375000
0.874375000
0.881437500
0.888437500
0.895562500
0.902687500
0.909875000
0.917125000
0.924437500
0.931812500
0.939250000
0.946687500
0.954125000
0.961687500
0.969250000
0.976875000
0.984500000
0.992187500
0.999875000
1.007187500
1.014937500
1.022375000
1.030312500
1.037812500
1.182500000
1.188500000
1.194875000
1.201187500
1.207500000
1.213437500
1.220000000
1.225875000
1.233437500
1.240187500
1.247000000
1.253875000
1.260812500
1.267875000
1.274937500
1.282250000
1.289500000
1.296812500
1.304250000
1.311687500
1.319250000
1.326875000
1.334312500
1.342187500
1.348312500
1.359875000
1.368375000
1.377125000
1.385937500
1.394937500
1.404125000
1.413250000
1.422375000
1.431562500
1.440562500
1.449750000
1.459000000
1.468000000
1.477062500
1.486187500
1.495437500
1.504625000
1.513562500
1.522312500
1.531187500
1.540000000
1.548750000
1.557625000
1.566500000
1.575125000
1.583812500
1.592562500
1.601312500
1.610187500
1.618812500
1.627500000
1.636125000
1.644687500
1.653250000
1.661687500
1.670125000
1.678500000
1.686875000
1.695125000
1.703500000
1.711937500
1.720375000
1.728875000
1.737625000
1.746375000
1.755437500
1.764812500
1.774500000
1.784625000
1.794625000
1.805312500
1.816062500
1.827375000
1.836000000
1.844625000
1.860562500
