0.219200
0.236763
0.242762
0.247263
0.252887
0.258138
0.261700
0.267075
0.270263
0.275575
0.278888
0.283950
0.287388
0.296013
0.300888
0.304700
0.310200
0.313575
0.319138
0.322450
0.328012
0.331263
0.336825
0.340013
0.345325
0.348700
0.353950
0.357138
0.362262
0.365450
0.369950
0.373450
0.377887
0.381200
0.388700
0.396075
0.403263
0.410388
0.417388
0.424325
0.431138
0.437887
0.444513
0.451138
0.457700
0.464137
0.470637
0.477075
0.483513
0.490075
0.496700
0.503325
0.509763
0.516325
0.522763
0.529262
0.535763
0.542262
0.548763
0.555325
0.561887
0.568512
0.575200
0.582013
0.588825
0.595700
0.602638
0.609575
0.616888
0.620637
0.624575
0.631950
0.768763
0.774450
0.781013
0.787513
0.793950
0.800325
0.806700
0.813137
0.819512
0.826013
0.832638
0.839450
0.845700
0.852387
0.858950
0.865575
0.872450
0.879387
0.885888
0.893075
0.900138
0.907637
0.914512
0.922262
0.929825
0.937325
0.944763
0.952325
0.956825
0.960013
0.967888
0.972325
0.975950
0.980825
0.984075
0.989012
0.992325
0.997513
1.000763
1.009325
1.014825
1.018013
1.023512
1.026762
1.031700
1.035638
1.041325
1.044575
1.050075
1.053638
1.059387
1.062825
1.068513
1.072200
1.077700
1.081637
1.087200
1.091012
1.096325
1.100825
1.106138
1.110200
1.115700
1.119887
1.125388
1.129450
1.134950
1.139013
1.144512
1.148638
1.154012
1.158450
1.163825
1.168325
1.173762
1.178387
1.183700
1.188637
1.193825
1.198825
1.204075
1.209075
1.214388
1.219450
1.225075
1.229637
1.235200
1.239700
1.245262
1.249825
1.255137
1.259387
1.264887
1.268825
1.274450
1.278013
1.283638
1.286825
1.292137
1.295325
1.303887
1.312262
1.320325
1.328325
1.336200
1.344387
1.351825
1.407075
1.416137
1.421075
1.425200
1.429637
1.434137
1.439950
1.443138
1.451700
1.456887
1.460262
1.465575
1.468887
1.474137
1.477450
1.482637
1.486075
1.491262
1.494575
1.499575
1.503137
1.508075
1.511762
1.516762
1.520450
1.525387
1.529012
1.534200
1.537700
1.543012
1.546325
1.551700
1.555012
1.560387
1.563700
1.569075
1.572262
1.580637
1.585700
1.589200
1.597575
1.606012
1.614387
1.622825
1.631200
1.639575
1.647950
1.656387
1.661450
1.664825
1.673325
1.678263
1.681700
1.687075
1.690263
1.695387
1.698887
1.704012
1.707450
1.712450
1.715887
1.720763
1.724388
1.729325
1.733012
1.737700
1.741825
1.746450
1.750700
1.755387
1.759700
1.764137
1.769012
1.774325
1.778575
1.788387
1.798700
1.809575
1.821325
1.833950
1.848075
1.864012
1.879763
1.945950
