0.223625000
0.229562500	
0.237312500
0.245437500
0.253687500
0.262125000
0.270312500
0.278937500
0.287562500
0.296375000
0.305375000
0.314437500
0.323437500
0.332625000
0.341937500
0.351187500
0.360187500
0.369250000
0.378250000
0.387125000
0.395687500
0.404125000
0.412125000
0.419750000
0.427312500
0.434937500
0.442250000
0.449500000
0.456875000
0.464625000
0.471562500
0.724375000
0.730562500
0.738625000
0.746437500
0.754062500
0.761625000
0.769687500
0.777500000
0.785312500
0.793687500
0.801937500
0.810375000
0.819250000
0.828062500
0.836375000
0.845125000
0.853875000
0.862375000
0.871000000
0.879625000
0.888062500
0.896187500
0.904375000
0.912437500
0.920437500
0.928625000
0.936562500
0.944375000
0.952125000
0.959500000
0.967500000
0.975250000
0.982687500
0.990500000
0.999000000
1.006875000
1.015250000
1.023750000
1.032500000
1.041375000
1.050437500
1.059875000
1.069500000
1.079500000
1.089125000
1.098625000
1.108500000
1.118250000
1.127437500
1.136687500
1.145625000
1.154500000
1.162687500
1.295250000
1.304062500
1.312750000
1.321750000
1.330687500
1.340312500
1.350125000
1.360562500
1.371250000
1.382312500
1.393437500
1.404312500
1.415000000
1.425562500
1.436562500
1.447000000
1.457250000
1.467812500
1.477750000
1.486750000
1.496312500
1.513937500
1.617562500
1.629312500
1.656250000
1.675187500
1.684750000
1.692937500
1.701437500
1.709687500
1.717750000
1.726375000
1.735125000
1.744312500
1.753500000
1.839625000
1.847562500
1.856062500
1.864500000
1.872687500
1.881687500
1.890312500
1.899375000
1.908812500
2.025875000
2.032812500
2.040500000
2.049125000
2.057562500
2.066187500
2.075250000
2.084000000
2.092937500
2.101937500
2.110750000
2.120125000
2.128937500
2.138062500
2.147187500
2.156375000
2.165437500
2.174875000
2.184687500
2.194187500
2.203437500
2.212937500	
2.222375000
2.228625000
2.232000000
2.240875000
2.250125000
2.259562500
2.268750000
2.278062500
2.287375000
2.296437500
2.305375000
2.314250000
2.322062500
2.329687500
2.451750000
2.459875000
2.467937500
2.475812500
2.483937500
2.492250000
2.500937500
2.506437500
2.509937500
2.519312500
2.528750000
2.538875000
2.550000000
2.562125000
2.575062500
2.714875000
2.721625000
