0.217750000
0.224750000
0.229812500
0.236250000
0.242062500
0.248750000
0.256562500
0.264187500
0.272062500
0.279937500
0.287937500
0.296187500
0.304500000
0.313000000
0.321500000
0.330125000
0.338875000
0.347687500
0.356562500
0.365500000
0.374562500
0.383625000
0.392750000
0.401187500
0.410125000
0.418937500
0.427750000
0.436312500
0.444812500
0.453062500
0.461312500
0.469687500
0.478250000
0.486625000
0.494937500
0.503062500
0.510625000
0.518375000
0.526000000
0.533562500
0.541125000
0.548562500
0.555875000
0.563125000
0.570125000
0.579312500
0.702375000
0.709875000
0.717312500
0.725125000
0.733062500
0.740812500
0.748562500
0.756437500
0.764437500
0.772500000
0.780812500
0.789250000
0.797875000
0.806375000
0.814750000
0.823187500
0.831687500
0.840312500
0.849000000
0.857625000
0.866187500
0.874875000
0.883875000
0.892750000
0.901500000
0.910312500
0.919187500
0.927875000
0.936687500
0.945562500
0.954375000
0.963187500
0.971187500
0.980750000
1.074250000
1.083250000
1.092062500
1.101062500
1.109812500
1.118875000
1.127937500
1.137062500
1.146375000
1.155500000
1.164187500
1.173562500
1.183062500
1.191500000
1.316000000
1.324312500
1.332625000
1.341000000
1.349500000
1.358062500
1.366687500
1.375437500
1.384187500
1.393125000
1.402000000
1.411062500
1.420125000
1.429000000
1.438000000
1.447062500
1.455812500
1.464750000
1.473750000
1.482687500
1.491625000
1.602750000
1.610000000
1.618000000
1.624062500
1.630125000
1.638875000
1.650875000
1.661187500
1.674250000
1.686437500
1.701812500
1.710562500
1.721687500
