0.236125000
0.241687500
0.248437500
0.255687500
0.263125000
0.270625000
0.278125000
0.285937500
0.294250000
0.303125000
0.311687500
0.319625000
0.327625000
0.335437500
0.343375000
0.351062500
0.358750000
0.366750000
0.374437500
0.382000000
0.389625000
0.397500000
0.405375000
0.413687500
0.421750000
0.430687500
0.438375000
0.460625000
0.467062500
0.474937500
0.482312500
0.489750000
0.496875000
0.503937500
0.510875000
0.518062500
0.525125000
0.532250000
0.539375000
0.546625000
0.553625000
0.561250000
0.568437500
0.575187500
0.582625000
0.589562500
0.596875000
0.604187500
0.611250000
0.618312500
0.625875000
0.633187500
0.640375000
0.647812500
0.655500000
0.662875000
0.671000000
0.678750000
0.686875000
0.695187500
0.703375000
0.711375000
0.719375000
0.727187500
0.735250000
0.743125000
0.751125000
0.759250000
0.767312500
0.775375000
0.783500000
0.791812500
0.800500000
0.809437500
0.818312500
0.870875000
0.878437500
0.886625000
0.894375000
0.902312500
0.910625000
0.919187500
0.927812500
1.038062500
1.044750000
1.051437500
1.058125000
1.064875000
1.071500000
1.078187500
1.085062500
1.091625000
1.098375000
1.105437500
1.112187500
1.119312500
1.126562500
1.133937500
1.142000000
1.149062500
1.191375000
1.202687500
1.210062500
1.218500000
1.226875000
1.235125000
1.243500000
1.251750000
1.260125000
1.268750000
1.277312500
1.285562500
1.388562500
1.396562500
1.403500000
1.412312500
1.530062500
1.537750000
1.544875000
1.552250000
1.559312500
1.566187500
1.573187500
1.580062500
1.587125000
1.594375000
1.601812500
1.609187500
1.616937500
1.624812500
1.632875000
1.641375000
1.649875000
1.658125000
1.667250000
1.676375000
1.685937500
1.695375000
1.704812500
1.714812500
1.724125000
1.733875000
1.743687500
1.753562500
1.763125000
1.772625000
1.782187500
1.834062500
1.841125000
1.850812500
1.863250000
1.871437500
1.889125000
1.898687500
1.948187500	
1.961937500
