0.252625000
0.258437500
0.266687500
0.273750000
0.280562500
0.287562500
0.294500000
0.301437500
0.308437500
0.315812500
0.323000000
0.329687500
0.349812500
0.356375000
0.363250000
0.370562500
0.377187500
0.384000000
0.390875000
0.397750000
0.404562500
0.411375000
0.418125000
0.424875000
0.431687500
0.438312500
0.445000000
0.451687500
0.458250000
0.464937500
0.471625000
0.478250000
0.484875000
0.491562500
0.498437500
0.505312500
0.512750000
0.519875000
0.527750000
0.574562500
0.581500000
0.588500000
0.595437500
0.602437500
0.609500000
0.616500000
0.623625000
0.630562500
0.637437500
0.644375000
0.651437500
0.658500000
0.665500000
0.672562500
0.679625000
0.686687500
0.693812500
0.701000000
0.708187500
0.715437500
0.722625000
0.729875000
0.737187500
0.744500000
0.751937500
0.759437500
0.767062500
0.774875000
0.782687500
0.790562500
0.798437500
0.806312500
0.814000000
0.821625000
0.829062500
0.836375000
0.843750000
0.850937500
0.858187500
0.865437500
0.872625000
0.879875000
0.887062500
0.894312500
0.901500000
0.908687500
0.915875000
0.923125000
0.930312500
0.937687500
0.945187500
0.952875000
0.960875000
0.969437500
0.978187500
1.035437500
1.044000000
1.050312500
1.053562500
1.059500000
1.063437500
1.070062500
1.073312500
1.079625000
1.083312500
1.090062500
1.093375000
1.098562500
1.102187500
1.107500000
1.111937500
1.116562500
1.121562500
1.126375000
1.131000000
1.136937500
1.140437500
1.145187500
1.148625000
1.154562500
1.158125000
1.164062500
1.167500000
1.173375000
1.176937500
1.183125000
1.186375000
1.192437500
1.195625000
1.202687500
1.274125000
1.282750000
1.291875000
1.300500000
1.309437500
1.318125000
1.326687500
1.335062500
1.343375000
1.351937500
1.360750000
1.369687500
1.378437500
1.386687500
1.394687500
1.402750000
1.410812500
1.418937500
1.427187500
1.435375000
1.443562500
1.451812500
1.460187500
1.468937500
1.477125000
1.486250000
1.494625000
1.503000000
1.563687500
1.571687500
1.579687500
1.587625000
1.595625000
1.603500000
1.610625000
1.618187500
1.625750000
1.633125000
1.640375000
1.647875000
1.655187500
1.662500000
1.669750000
1.676875000
1.684062500
1.691187500
1.698312500
1.705500000
1.712687500
1.719875000
1.727125000
1.734437500
1.741750000
1.749187500
1.756875000
1.764750000
1.772687500
1.780500000
1.788812500
1.797125000
1.805687500
1.814312500
1.822937500
1.831562500
1.840437500
1.849937500
1.859375000
1.868937500
1.878500000
1.888187500
1.897812500
1.907437500
1.916875000
1.925937500
1.931625000
1.934812500
1.943750000
1.949250000
1.952625000
1.958062500
1.961500000
1.970312500
1.975812500
1.979062500
1.984500000
1.987750000
1.996375000
2.005312500
2.014312500
2.023625000
2.031687500
2.057875000
2.064000000
2.071187500
2.182812500
2.191125000
2.199312500
2.207250000
2.215375000
2.223500000
2.231687500
2.239875000
2.248125000
2.256500000
2.264875000
2.274000000
2.283000000
2.288875000
2.292062500
2.298375000
2.301625000
2.309437500
2.369750000
2.377812500
2.383187500
2.386687500
2.392125000
2.395812500
2.401375000
2.405062500
2.410750000
2.414437500
2.419937500
2.424000000
2.429000000
2.433625000
2.439000000
2.443375000
2.448500000
2.453187500
2.458750000
2.463250000
2.468875000
2.473312500
2.479250000
2.483375000
2.489812500
2.493500000
2.499812500
2.503000000
2.511750000
2.615187500
2.626187500
2.635750000
2.645875000
2.655750000
2.666000000
2.676375000
2.686937500
2.697875000
2.708812500
2.720375000
2.750375000
2.763875000
