0.219062500
0.251562500
0.259875000
0.270750000
0.278812500
0.286812500
0.294562500
0.302250000
0.310000000
0.317500000
0.324750000
0.332000000
0.339125000
0.346312500
0.353125000
0.359875000
0.366812500
0.373687500
0.380312500
0.386875000
0.393375000
0.399875000
0.406312500
0.412812500
0.419312500
0.426000000
0.432500000
0.439000000
0.445750000
0.452437500
0.459125000
0.466125000
0.472750000
0.479375000
0.486437500
0.493125000
0.499937500
0.506812500
0.513937500
0.520625000
0.527125000
0.534250000
0.540875000
0.547437500
0.554250000
0.561187500
0.567687500
0.574625000
0.581250000
0.587937500
0.594625000
0.601250000
0.607875000
0.614375000
0.621125000
0.627625000
0.634062500
0.640375000
0.647000000
0.653750000
0.660375000
0.667062500
0.673812500
0.680312500
0.687125000
0.693687500
0.700812500
0.707562500
0.714375000
0.721312500
0.727750000
0.734562500
0.741375000
0.748062500
0.754812500
0.761562500
0.768125000
0.774812500
0.781312500
0.787750000
0.793937500
0.800500000
0.806125000
0.813750000
0.820562500
0.827500000
0.834250000
0.841250000
0.848562500
0.856000000
0.863250000
0.870125000
0.877812500
0.886250000
0.894312500
0.902500000
0.912750000
0.921562500
0.930750000
0.939750000
0.947312500
0.956625000
0.966000000
0.975250000
0.984437500
0.993937500
1.002687500
1.013625000
1.021250000
1.030500000
1.039500000
1.050687500
1.060000000
1.069062500
1.077937500
1.086750000
1.095375000
1.104000000
1.111062500
1.121250000
1.130312500
1.139750000
1.211812500
1.218812500
1.226062500
1.233187500
1.240062500
1.247312500
1.254375000
1.261875000
1.268875000
1.276312500
1.283500000
1.290750000
1.298062500
1.305500000
1.312812500
1.320062500
1.327500000
1.334750000
1.342250000
1.349875000
1.357312500
1.364875000
1.372375000
1.380375000
1.388125000
1.396062500
1.403625000
1.411437500
1.419312500
1.427125000
1.435125000
1.443312500
1.451437500
1.460000000
1.467875000
1.476687500
1.485000000	
1.585250000
1.593312500
1.601312500
1.609500000
1.618000000
1.626000000
1.635000000
1.641937500
1.768875000
1.776000000
1.783312500
1.790875000
1.798687500
1.806250000
1.813625000
1.821187500
1.828687500
1.836000000
1.843937500
1.851812500
1.859500000
1.867812500
1.875687500
1.883687500
1.891625000
1.899875000
1.908000000
1.916000000
1.923625000	
1.959687500
2.100875000
2.109562500
2.119625000
2.130187500
2.143250000
2.155312500
2.163750000	
2.176750000	
2.190937500	
2.204687500	
2.218750000	
2.230875000
