0.256075
0.262950
0.268825
0.275388
0.282513
0.289013
0.295638
0.302200
0.308700
0.315263
0.321763
0.328263
0.334825
0.341450
0.347950
0.354513
0.361075
0.367575
0.374013
0.380325
0.386700
0.393012
0.399263
0.405513
0.411888
0.418200
0.424575
0.431075
0.437575
0.444513
0.451763
0.458512
0.466263
0.474137
0.515575
0.522388
0.529200
0.535950
0.543075
0.550325
0.557450
0.564325
0.571013
0.577638
0.584200
0.590638
0.597075
0.603575
0.609138
0.615762
0.622263
0.628825
0.636075
0.642513
0.649075
0.655637
0.662388
0.669262
0.676763
0.684200
0.690638
0.767075
0.774138
0.780950
0.788013
0.795138
0.802138
0.809137
0.816075
0.822825
0.829450
0.836013
0.842700
0.849137
0.855450
0.861888
0.868263
0.874700
0.881138
0.887575
0.893950
0.900513
0.907262
0.913763
0.920262
0.926763
0.933638
1.015387
1.022512
1.029762
1.036825
1.044200
1.051825
1.056262
1.059575
1.064012
1.067512
1.071950
1.075575
1.080075
1.083575
1.088138
1.091637
1.096138
1.099700
1.104325
1.107950
1.112637
1.116138
1.121075
1.124450
1.132638
1.141075
1.149950
1.156700
1.160325
1.239700
1.248013
1.256450
1.261325
1.265012
1.270512
1.273950
1.279887
1.283325
1.291575
1.299137
1.320700
1.326200
1.335137
1.343512
1.351887
1.356262
1.360325
1.364575
1.368887
1.377450
1.386137
1.394825
1.400325
1.403512
1.409013
1.412325
1.417637
1.420887
1.429762
1.434575
1.438575
1.443387
1.447325
1.456325
1.465325
1.474137
1.482887
1.488325
1.491700
1.497450
1.500637
1.506200
1.509700
1.514950
1.518575
1.523950
1.527512
1.532825
1.536512
1.541700
1.545575
1.550700
1.554637
1.559950
1.563950
1.569263
1.573325
1.578950
1.582825
1.588262
1.592387
1.597825
1.602075
1.607637
1.612075
1.617763
1.622887
1.628762
1.639700
1.770013
