0.220687500
0.226500000
0.232500000
0.240312500
0.248375000
0.256312500
0.263937500
0.272000000
0.280125000
0.288312500
0.296437500
0.304312500
0.312312500
0.320250000
0.328125000
0.336125000
0.343875000
0.351687500
0.359562500
0.367500000
0.375625000
0.383625000
0.392375000
0.399687500
0.407375000
0.415250000
0.422875000
0.430562500
0.438312500
0.446062500
0.453750000
0.461625000
0.469437500
0.477437500
0.485437500
0.493312500
0.501125000
0.508812500
0.516437500
0.524187500
0.531750000
0.539562500
0.547437500
0.554687500
0.562625000
0.569812500
0.577437500
0.584625000
0.592125000
0.599125000
0.606500000
0.613375000
0.620687500
0.627687500
0.634937500
0.641750000
0.648812500
0.655750000
0.662562500
0.669187500
0.675750000
0.682375000
0.688875000
0.695375000
0.701875000
0.708187500
0.714687500
0.721062500
0.727312500
0.733500000
0.739562500
0.745812500
0.751875000
0.758187500
0.764312500
0.770562500
0.776937500
0.783250000
0.789562500
0.795937500
0.802375000
0.808875000
0.815687500
0.823062500
0.927500000
0.933750000
0.940437500
0.946812500
0.953562500
0.960375000
0.967312500
0.974125000
0.980875000
0.987687500
0.994437500
1.001312500
1.008000000
1.014750000
1.021562500
1.028250000
1.035187500
1.042000000
1.049125000
1.056375000
1.065000000
1.186187500
1.192812500
1.200062500
1.207375000
1.215000000
1.222937500
1.228875000
1.232250000
1.380000000
1.386375000
1.392437500
1.398937500
1.405562500
1.412437500
1.419187500
1.426187500
1.433125000
1.440437500
1.447687500
1.455062500
1.462812500
1.470750000
1.478875000
1.487437500
1.496000000
1.504937500
1.514062500
1.523437500
1.532812500
1.542312500
1.552125000
1.672687500
1.684062500
1.692500000
1.700687500
1.709062500
1.717687500
1.726562500
1.735312500
1.744125000
1.752875000
1.761687500
1.770750000
1.779875000
1.789000000
1.798187500
1.807562500
1.816812500
1.826250000
1.835625000
1.844937500
1.854187500
1.863812500
1.874562500
1.997250000
2.005062500
2.013625000
2.022062500
2.030937500
2.041625000
2.185312500
2.191375000
2.198437500
2.205500000
2.212437500
2.219312500
2.226125000
2.233000000
2.240000000
2.246937500
2.253875000
2.260625000
2.267437500
2.274250000
2.281125000
2.288000000
2.294937500
2.301812500
2.308875000
2.315812500
2.322875000
2.329875000
2.337000000
2.344062500
2.351312500
2.358375000
2.365625000
2.372750000
2.379875000
2.387187500
2.395375000
2.480937500
2.485937500
2.492937500
2.500062500
2.507125000
2.514250000
2.521375000
2.528687500
2.536187500
2.543812500
2.551750000
2.560000000
2.568437500
2.576937500
2.585437500
2.593750000
2.602187500
2.610250000
2.618000000
2.631375000
2.679937500
2.684687500
2.691625000
2.699062500
2.706375000
2.713812500
2.721750000
2.730375000
2.739000000
2.747125000
2.756875000
2.811250000
2.817750000
2.825750000
2.833875000
2.841875000
2.849812500
2.857812500
2.865937500
2.874000000
2.882062500
2.890187500
2.898437500
2.906687500
2.915250000
2.923937500
2.932687500
2.941875000
2.951187500
2.961125000
2.971062500
2.982125000
2.993625000
3.006250000
3.022937500
3.044562500
3.078125000
3.121375000
3.140687500
3.145562500
