0.254000000
0.258812500
0.263875000
0.268687500
0.273687500
0.278625000
0.283312500
0.288437500
0.293562500
0.298562500
0.303625000
0.308562500
0.313750000
0.319062500
0.324437500
0.329937500
0.335500000
0.341437500
0.347250000
0.352875000
0.358125000
0.364187500
0.369312500
0.374187500
0.379250000
0.384437500
0.389562500
0.394687500
0.399750000
0.404812500
0.409750000
0.414750000
0.419750000
0.424687500
0.429562500
0.434500000
0.439500000
0.444437500
0.449375000
0.454437500
0.459437500
0.464500000
0.469562500
0.474625000
0.479750000
0.484812500
0.490000000
0.495187500
0.500437500
0.505625000
0.511000000
0.516312500
0.521750000
0.527250000
0.532937500
0.538437500
0.544000000
0.549625000
0.555250000
0.560875000
0.566500000
0.572187500
0.577812500
0.583500000
0.589125000
0.594750000
0.600312500
0.605937500
0.611437500
0.617000000
0.622562500
0.628062500
0.633562500
0.639062500
0.644562500
0.650000000
0.655625000
0.661125000
0.666625000
0.672125000
0.677687500
0.683125000
0.688625000
0.694125000
0.699562500
0.704937500
0.710312500
0.715687500
0.721000000
0.726187500
0.731375000
0.736562500
0.741625000
0.746687500
0.751687500
0.756687500
0.761625000
0.766500000
0.771437500
0.776187500
0.781312500
0.786375000
0.791625000
0.796812500
0.802062500
0.807375000
0.812687500
0.818000000
0.823500000
0.828812500
0.835437500	
0.971750000
0.976750000
0.981875000
0.987062500
0.992375000
0.997625000
1.002937500
1.008250000
1.013625000
1.018937500
1.024312500
1.029687500
1.035187500
1.040687500
1.046187500
1.052062500
1.057687500
1.063312500
1.068937500
1.073937500
1.079125000
1.084250000
1.089562500
1.094687500
1.099937500
1.105312500
1.110625000
1.115875000
1.121312500
1.126000000
1.131312500
1.136812500
1.142250000
1.147500000
1.153125000
1.158812500
1.164312500
1.170000000
1.176062500
1.182062500
1.188250000
1.194187500
1.200250000
1.207125000	
1.213250000	
1.219500000	
1.225625000	
1.232000000	
1.238125000	
1.284250000
1.289937500
1.295625000
1.301312500
1.306937500
1.312687500
1.318500000
1.324375000
1.330250000
1.336125000
1.342125000
1.348125000
1.354000000
1.360000000
1.365812500
1.371750000
1.377625000
1.383500000
1.389375000
1.395312500
1.401125000
1.407437500
1.413875000
1.420062500
1.426062500	
1.432062500	
1.438625000	
1.527437500
1.532750000
1.538062500
1.543312500
1.548562500
1.553812500
1.559062500
1.564312500
1.569625000
1.574937500
1.580312500
1.585625000
1.591062500
1.596437500
1.601750000
1.607125000
1.612500000
1.617812500
1.623062500
1.628375000
1.633625000
1.638875000
1.644062500
1.649187500
1.654375000
1.659437500
1.664625000
1.669875000
1.675125000
1.680375000
1.686062500
1.889000000
1.895000000
1.900187500
1.905437500
1.910750000
1.916125000
1.921500000
1.927000000
1.932562500
1.938000000
1.943500000
1.949125000
1.954625000
1.960250000
1.965812500
1.971375000
1.977000000
1.982500000
1.988187500
1.993812500
1.999500000
2.005125000
2.010875000
2.016562500
2.022312500
2.028000000
2.033750000
2.039437500
2.045000000
2.050750000
2.056562500
2.063250000	
2.216187500
2.221250000
2.226750000
2.232437500
2.238062500
2.243750000
2.249562500
2.255375000
2.261250000
2.267250000
2.273125000
2.279125000
2.285062500
2.291125000
2.297125000
2.303187500
2.309187500
2.315250000
2.321375000
2.327500000
2.333562500
2.339687500
2.345812500
2.351937500
2.358125000
2.364250000
2.370500000
2.376625000
2.382875000
2.389000000
2.395312500
2.401687500
2.407687500
2.414125000
2.420125000
2.426500000
2.432625000
2.438750000
2.445000000
2.451125000
2.457187500
2.463312500
2.469562500
2.475562500
2.481750000
2.488250000
2.494812500
2.501250000
2.507375000	
2.513812500	
2.520687500	
