0.228437500
0.233250000
0.238000000
0.242750000
0.247500000
0.252187500
0.256875000
0.261562500
0.266250000
0.270937500
0.275562500
0.280250000
0.284812500
0.289500000
0.294125000
0.298750000
0.303375000
0.308062500
0.312750000
0.317500000
0.322250000
0.327000000
0.331875000
0.336687500
0.341500000
0.346375000
0.351250000
0.356062500
0.360875000
0.365750000
0.370500000
0.375312500
0.380062500
0.384812500
0.389562500
0.394312500
0.399000000
0.403750000
0.408437500
0.413187500
0.417875000
0.422625000
0.427437500
0.432250000
0.437250000
0.442437500
0.447625000
0.453062500
0.458375000
0.464250000	
0.536375000
0.541562500
0.547187500
0.552312500
0.557687500
0.562937500
0.568375000
0.573625000
0.579125000
0.584562500
0.590500000	
0.736125000
0.740937500
0.746375000
0.751812500
0.757375000
0.763000000
0.768687500
0.774437500
0.780375000
0.786062500
0.791687500
0.797500000
0.803250000
0.809000000
0.814875000
0.820562500
0.826250000
0.831937500
0.838062500
0.843687500
0.849125000
0.854812500
0.860375000
0.866062500
0.871687500
0.877187500
0.882625000
0.887937500
0.893375000
0.899000000
0.904312500
0.909625000
0.914750000
0.920125000
0.925375000
0.930625000
0.935812500
0.941062500
0.946125000
0.951312500
0.956437500
0.961562500
0.966687500
0.971625000
0.976625000
0.981812500
0.987000000
0.992062500
0.997062500
1.002187500
1.007250000
1.012312500
1.017250000
1.022312500
1.027750000
1.033187500
1.038937500
1.044625000
1.050625000
1.056437500
1.062500000	
1.068437500	
1.074562500	
1.081062500	
1.087375000	
1.094312500	
1.142750000
1.147750000
1.152937500
1.158687500
1.164625000
1.169937500
1.175687500
1.181562500
1.187687500
1.193750000
1.200500000
1.206750000
1.213250000	
1.220312500	
1.227000000	
1.233312500	
1.239125000	
1.245687500	
1.251500000	
1.256562500	
1.262937500
1.268500000
1.274187500
1.279875000
1.285375000
1.291187500
1.296750000
1.302625000
1.308562500
1.314375000
1.320125000
1.325937500
1.331750000
1.337687500
1.343500000
1.349375000
1.355062500
1.360875000
1.366750000
1.372437500
1.378062500
1.383625000
1.389125000
1.394562500
1.400125000
1.406437500
1.412000000	
1.417812500
1.545250000
1.550937500
1.557187500
1.563375000
1.569187500
1.575625000
1.581687500
1.587687500
1.593750000
1.600062500
1.606500000
1.612250000
1.619500000	
1.625375000	
1.689500000	
1.696000000	
1.701625000
1.707625000
1.713750000	
1.720000000
1.726312500	
1.732312500	
1.738187500	
1.744375000	
1.750562500	
1.756687500	
1.763062500	
1.769062500	
1.775312500	
1.780812500	
1.787000000	
1.792625000	
1.798625000	
1.804562500	
1.810500000	
1.816437500	
1.823125000
1.828625000
1.835000000
1.840875000
1.847187500
1.853500000
1.860062500
1.866750000
1.874062500	
1.881500000	
1.894000000	
1.901000000	
1.907562500	
1.914375000	
1.920187500	
1.926687500
1.933187500
1.939187500
1.945312500
1.951562500
1.957750000
1.964000000
1.970187500
1.976250000
1.982562500
1.988500000
1.995187500
2.001125000
2.007437500
2.013562500	
2.020375000	
2.027000000	
2.125125000
2.131000000
2.136875000
2.143062500
2.149250000
2.155437500
2.161187500
2.167437500
2.173187500
2.179375000
2.185437500
2.191625000
2.197625000
2.203750000
2.209687500
2.215562500
2.221937500
2.227937500
2.234187500
2.240250000
2.246625000
2.252875000
2.259125000
2.265312500
2.271562500
2.277750000
2.284062500
2.290250000
2.296562500
2.303000000
2.309250000
2.315625000
2.322000000
2.328312500
2.334625000
2.341250000
2.347687500
2.354125000
2.360750000
2.367125000
2.373687500
2.380187500
2.386750000
2.393187500
2.399687500
2.406125000
2.412625000
2.419062500
2.425937500
2.432062500
2.438937500
2.445562500
2.451750000
2.458250000
2.464687500	
2.471625000	
2.478437500	
