0.291250000	
0.296000000	
0.300750000	
0.305812500	
0.310687500	
0.315500000	
0.320375000	
0.325312500	
0.330187500	
0.335375000	
0.340250000	
0.345375000	
0.350562500	
0.355625000	
0.360812500	
0.365812500	
0.371062500	
0.376312500	
0.381437500	
0.386562500	
0.391937500	
0.397187500	
0.402125000	
0.407625000	
0.412937500	
0.417812500	
0.423125000	
0.428125000	
0.433500000	
0.438687500	
0.444062500	
0.449437500	
0.454937500	
0.460375000	
0.465812500	
0.471125000	
0.476562500	
0.481937500	
0.487375000	
0.492875000	
0.498187500	
0.503500000	
0.508812500	
0.514687500	
0.519875000	
0.525187500	
0.530812500	
0.536187500	
0.541812500	
0.547187500	
0.552875000	
0.558000000	
0.563500000	
0.569062500	
0.574750000	
0.580125000	
0.586000000	
0.591687500	
0.597625000	
0.603812500	
0.609875000	
0.615562500	
0.621250000	
0.627187500	
0.633437500	
0.639250000	
0.645250000	
0.651250000	
0.657562500	
0.663750000	
0.669625000	
0.675937500	
0.682125000	
0.688875000	
0.695000000	
0.700875000	
0.707062500	
0.713687500	
0.719625000	
0.726125000	
0.732187500	
0.738812500	
0.745250000	
0.752125000	
0.758750000	
0.765750000	
0.771875000	
0.778187500	
0.784000000	
0.940750000	
1.016437500	
1.022125000	
1.027750000	
1.033500000	
1.039375000	
1.045187500	
1.050812500	
1.056750000	
1.062687500	
1.068375000	
1.074187500	
1.080062500	
1.085625000	
1.091625000	
1.097500000	
1.103312500	
1.109125000	
1.115125000	
1.120562500	
1.126250000	
1.132000000	
1.137187500	
1.142937500	
1.148625000	
1.154375000	
1.160062500	
1.165875000	
1.171750000	
1.178125000	
1.184062500	
1.190312500	
1.196812500	
1.203375000	
1.210687500	
1.216937500	
1.225187500	
1.233562500	
1.245437500	
1.253687500	
1.260375000	
1.267187500	
1.273625000	
1.279562500	
1.285437500	
1.291125000	
1.297250000	
1.303250000	
1.309187500	
1.315062500	
1.321562500	
1.327250000	
1.333500000	
1.339375000	
1.345375000	
1.351375000	
1.357375000	
1.363562500	
1.369375000	
1.375312500	
1.381125000	
1.387375000	
1.393062500	
1.399250000	
1.405000000	
1.410562500	
1.416312500	
1.421750000	
1.427375000	
1.433250000	
1.438750000	
1.444625000	
1.450687500	
1.456437500	
1.462625000	
1.586562500	
1.592062500	
1.597500000	
1.603250000	
1.609187500	
1.614812500	
1.620562500	
1.626437500	
1.632625000	
1.638250000	
1.643875000	
1.649875000	
1.655937500	
1.661875000	
1.668062500	
1.802875000	
1.808375000	
1.814312500	
1.820000000	
1.825625000	
1.831375000	
1.837375000	
1.843875000	
1.849812500	
1.855750000	
1.861937500	
1.867812500	
1.873562500	
1.879437500	
1.885687500	
1.891750000	
1.897625000	
1.903812500	
1.909687500	
1.915687500	
1.921500000	
1.927625000	
1.933250000	
1.939000000	
1.944750000	
1.950750000	
1.956562500	
2.098250000	
2.103562500	
2.109000000	
2.114375000	
2.119875000	
2.125500000	
2.131062500	
2.136562500	
2.142000000	
2.147812500	
2.153812500	
2.159250000	
2.164750000	
2.170312500	
2.175937500	
2.181750000	
2.187562500	
2.193312500	
2.199000000	
2.204687500	
2.210437500	
2.216125000	
2.221937500	
2.227687500	
2.233437500	
2.239312500	
2.245500000	
2.251437500	
2.257312500	
2.263437500	
2.269312500	
2.275562500	
2.281500000	
2.287437500	
2.293687500	
2.299937500	
2.305437500	
2.311812500	
2.318250000	
2.324562500	
2.330625000	
2.336687500	
2.342750000	
2.349062500	
2.355437500	
2.361625000	
2.367875000	
2.374437500	
2.380500000	
2.386812500	
2.393312500	
2.399875000	
2.406562500	
2.412750000	
2.419125000	
2.425562500	
2.431875000	
2.438375000	
2.444500000	
2.450875000	
2.457437500	
2.464250000	
2.470687500	
2.477500000	
2.483750000	
