0.22287
0.22775
0.23263
0.23775
0.24269
0.24788
0.25344
0.38019
0.38488
0.38969
0.39444
0.399
0.4035
0.40819
0.41294
0.4175
0.42225
0.42675
0.4315
0.43625
0.44081
0.44506
0.45006
0.45463
0.459
0.46369
0.46819
0.47263
0.47687
0.48163
0.48581
0.4905
0.49506
0.49931
0.50381
0.50806
0.51256
0.51687
0.52131
0.52556
0.52987
0.53438
0.53863
0.54306
0.54737
0.55175
0.55612
0.56044
0.56481
0.56919
0.57337
0.57788
0.58244
0.58688
0.59125
0.59575
0.60019
0.60469
0.60938
0.61381
0.61844
0.62287
0.62731
0.63194
0.63644
0.64081
0.64556
0.65012
0.65463
0.65931
0.66369
0.66869
0.67344
0.67844
0.68356
0.68888
0.69431
0.69919
0.70531
0.7105
0.71594
0.72144
0.72662
0.73188
0.73694
0.742
0.74669
0.75169
0.75687
0.76213
0.76712
0.77244
0.77725
0.78225
0.7875
0.79256
0.79781
0.803
0.80812
0.8135
0.81844
0.82356
0.82906
0.83413
0.83975
0.84494
0.85019
0.85531
0.86062
0.866
0.87138
0.87675
0.88344
0.88706
0.89269
0.89819
0.90406
0.91
1.0141
1.0193
1.0251
1.0306
1.0363
1.0424
1.1868
1.1921
1.1968
1.2024
1.2081
1.2136
1.2192
1.2249
1.2306
1.2364
1.2421
1.2479
1.2536
1.2589
1.2648
1.2703
1.2757
1.2812
1.2869
1.2924
1.2988
1.3047
1.3096
1.5112
1.5168
1.5221
1.5275
1.5329
1.5385
1.5439
1.5498
1.5554
1.5609
1.5666
1.5725
1.5779
1.5839
1.5894
1.5952
1.6012
1.6065
1.6123
1.6178
1.6238
1.6289
1.6361
1.6399
1.6468
1.7249
1.7299
1.7354
1.7413
1.7471
1.7528
1.7587
1.7648
1.7715
1.7773
1.7846
1.8663
1.8722
1.8786
1.8853
1.8913
1.8978
1.9043
1.9102
1.9166
1.9229
1.9292
1.9352
1.9413
1.9483
1.9545
1.9608
1.9669
1.9732
1.9794
1.9855
1.9919
1.9981
2.004
2.0098
2.0162
