0.25631
0.26094
0.26569
0.2705
0.27519
0.2795
0.28463
0.28963
0.29431
0.29931
0.30438
0.30881
0.31412
0.31875
0.32406
0.32869
0.33337
0.33906
0.344
0.34863
0.35369
0.3585
0.36356
0.36869
0.37388
0.37894
0.38394
0.38888
0.394
0.39887
0.40406
0.40919
0.41431
0.41938
0.42444
0.42969
0.43519
0.44075
0.44638
0.45188
0.45825
0.46337
0.4735
0.48456
0.49125
0.49631
0.50213
0.50756
0.51287
0.51831
0.52338
0.5285
0.53381
0.53875
0.54412
0.54937
0.55437
0.56006
0.56512
0.56994
0.57569
0.58075
0.58581
0.59094
0.59613
0.60113
0.60594
0.61113
0.61613
0.62087
0.62575
0.63031
0.63544
0.63981
0.6445
0.64931
0.65375
0.6585
0.66287
0.66756
0.672
0.67619
0.6895
0.70237
0.711
0.71919
0.72769
0.73544
0.74425
0.75256
0.76081
0.76894
0.77744
0.78581
0.79444
0.85513
0.86331
0.86819
0.87381
0.87869
0.88362
0.88844
0.89312
0.89794
0.90281
0.90763
0.9125
0.91731
0.92206
0.92669
0.93169
0.9365
0.9415
0.94606
0.95113
0.95613
0.96094
0.96575
0.97062
0.97537
0.98006
0.98506
0.99013
0.99531
0.99994
1.0091
1.0188
1.0238
1.0272
1.261
1.2659
1.2704
1.2753
1.28
1.2848
1.2894
1.2944
1.2993
1.3042
1.3091
1.3141
1.319
1.324
1.3291
1.3341
1.3393
1.3442
1.3494
1.3545
1.3598
1.3649
1.3701
1.3752
1.3803
1.3856
1.3909
1.3961
1.4013
1.4067
1.4121
1.4178
1.4236
1.4295
1.4354
1.4412
1.4467
1.4521
1.4578
1.4631
1.4686
1.4738
1.4796
1.4849
1.4903
1.4958
1.5013
1.5069
1.5124
1.5179
1.5235
1.5289
1.5345
1.5401
1.5457
1.5513
1.557
1.5622
1.5682
1.5739
1.5793
1.5851
1.5909
1.5966
1.6019
1.6073
1.6126
1.6178
1.7478
1.7531
1.7587
1.7647
1.7694
1.8992
1.9044
1.9101
1.9152
1.9209
1.9259
1.9314
1.9369
1.9421
1.9475
1.9529
1.9584
1.9636
1.9689
1.9743
1.9798
1.9851
1.9906
1.9961
2.0018
2.0077
2.0133
2.0193
2.0248
2.0309
2.0366
2.0417
2.0475
2.0527
2.0584
2.0638
2.0691
2.0743
2.0796
2.085
2.0903
2.0954
2.1006
2.1058
2.1109
2.2156
2.2206
2.226
2.2311
2.2363
2.2416
2.2468
2.252
2.2574
2.2626
2.2677
2.2734
2.2788
2.2846
2.2898
2.2954
2.3012
2.3068
2.3119
2.3924
2.3974
2.4031
2.4081
2.4135
2.4188
2.4239
2.4306
2.4356
2.5164
2.5216
2.5271
2.5326
2.5378
2.5427
2.5482
2.5536
2.5596
2.5644
2.5702
2.5756
2.5809
2.5869
2.5924
2.5981
2.6034
2.609
2.6146
2.6207
2.6262
2.6319
2.6379
2.6436
2.6492
2.6549
2.6609
2.6668
2.6724
2.6784
2.6841
2.6898
2.6961
2.7016
2.7076
2.7132
2.7194
2.7252
2.7308
2.7363
2.7419
2.7471
2.7523
