0.237625000	
0.242437500	
0.247312500	
0.252250000	
0.257250000	
0.262250000	
0.267375000	
0.272500000	
0.277625000	
0.282625000	
0.287937500	
0.292937500	
0.298187500	
0.303062500	
0.308312500	
0.313687500	
0.318625000	
0.323812500	
0.328875000	
0.334062500	
0.339062500	
0.344187500	
0.349250000	
0.354375000	
0.359750000	
0.364875000	
0.369750000	
0.375125000	
0.380625000	
0.385937500	
0.459062500	
0.463937500	
0.468687500	
0.473312500	
0.478125000	
0.483000000	
0.488000000	
0.492812500	
0.497937500	
0.502812500	
0.507937500	
0.512937500	
0.518062500	
0.523187500	
0.528437500	
0.533125000	
0.538312500	
0.543312500	
0.548125000	
0.553437500	
0.558375000	
0.563187500	
0.568312500	
0.573312500	
0.578250000	
0.583250000	
0.588250000	
0.593250000	
0.598375000	
0.603125000	
0.608062500	
0.612875000	
0.617875000	
0.622812500	
0.627937500	
0.632500000	
0.637687500	
0.642625000	
0.647500000	
0.653000000	
0.770062500	
0.774812500	
0.779875000	
0.784625000	
0.789937500	
0.794937500	
0.799937500	
0.805250000	
0.810562500	
0.815750000	
0.821187500	
0.826375000	
0.831812500	
0.836937500	
0.842437500	
0.847687500	
0.853687500	
0.859812500	
0.865812500	
0.872625000	
0.930500000	
0.935687500	
0.941250000	
0.946937500	
0.952437500	
0.958250000	
0.963562500	
0.969125000	
0.974625000	
0.980250000	
0.985812500	
0.991125000	
0.997062500	
1.002500000	
1.008250000	
1.013812500	
1.019500000	
1.025250000	
1.030875000	
1.036750000	
1.042187500	
1.047812500	
1.053500000	
1.059375000	
1.065062500	
1.070937500	
1.076437500	
1.082125000	
1.087875000	
1.093687500	
1.099250000	
1.105000000	
1.110625000	
1.116437500	
1.122062500	
1.127875000	
1.133250000	
1.138437500	
1.145125000	
1.150625000	
1.156000000	
1.162312500	
1.168000000	
1.173500000	
1.179250000	
1.185062500	
1.190937500	
1.196562500	
1.202437500	
1.208125000	
1.214125000	
1.220437500	
1.227125000	
1.323312500	
1.329375000	
1.335937500	
1.342250000	
1.348125000	
1.354250000	
1.360437500	
1.366750000	
1.372812500	
1.378750000	
1.384687500	
1.391125000	
1.397375000	
1.403875000	
1.525062500	
1.530937500	
1.536750000	
1.542812500	
1.548875000	
1.554812500	
1.560875000	
1.566625000	
1.572750000	
1.579125000	
1.585125000	
1.591250000	
1.597125000	
1.603375000	
1.609500000	
1.615875000	
1.621937500	
1.628125000	
1.634250000	
1.640312500	
1.646375000	
1.652375000	
1.658375000	
1.664500000	
1.670562500	
1.676625000	
1.682875000	
1.688937500	
1.695125000	
1.701937500	
1.708750000	
1.715187500	
1.721437500	
1.727312500	
1.733375000	
1.739562500	
1.745750000	
1.751812500	
1.757687500	
1.763750000	
1.769625000	
1.775437500	
1.781375000	
1.787000000	
1.792812500	
1.798500000	
1.804375000	
1.810437500	
1.949500000	
1.955625000	
1.961750000	
1.967750000	
1.974062500	
1.979875000	
1.985562500	
1.991625000	
1.997625000	
2.003437500	
2.009625000	
2.015687500	
2.021562500	
2.027500000	
2.033562500	
2.039437500	
2.045437500	
2.051562500	
2.057562500	
2.063500000	
2.069500000	
2.076125000	
2.082312500	
2.089375000	
2.096250000	
2.103062500	
2.109562500	
2.116312500	
2.122687500	
2.128687500	
2.135500000	
2.141750000	
2.148250000	
2.154875000	
2.161000000	
2.167375000	
2.173875000	
2.180125000	
2.186812500	
2.193062500	
2.199562500	
2.205375000	
2.212375000	
2.219187500	
2.225437500	
2.232000000	
2.238750000	
2.245125000	
2.251812500	
2.258375000	
2.264687500	
2.271375000	
2.277812500	
2.284375000	
2.290687500	
2.297250000	
2.303875000	
2.310250000	
2.316625000	
2.322937500	
2.329062500	
2.335375000	
2.342687500	
2.349125000	
2.356187500	
