0.22787
0.23231
0.23669
0.24119
0.24575
0.25025
0.25488
0.25944
0.26394
0.26887
0.273
0.27844
0.28244
0.287
0.29169
0.29625
0.30069
0.30538
0.30969
0.31419
0.31894
0.32356
0.32806
0.33231
0.33681
0.34156
0.34587
0.35031
0.3545
0.35994
0.36438
0.36875
0.37288
0.37756
0.382
0.38638
0.39106
0.39594
0.40025
0.40469
0.40963
0.41406
0.4185
0.42269
0.42719
0.43119
0.43606
0.4405
0.44494
0.44944
0.45394
0.45837
0.46306
0.4675
0.47206
0.4765
0.48106
0.48562
0.48981
0.49406
0.49869
0.50294
0.50738
0.51181
0.51631
0.52063
0.5245
0.52894
0.53419
0.69688
0.70106
0.705
0.70931
0.71344
0.71737
0.72194
0.72606
0.73056
0.73494
0.73906
0.74362
0.74806
0.75256
0.75706
0.76169
0.76631
0.77094
0.77569
0.78025
0.78519
0.79006
0.79481
0.80006
0.80475
0.80963
0.8145
0.81937
0.82344
0.82944
0.83362
0.8385
0.84425
0.84956
0.85431
0.85925
0.8635
0.86956
0.87475
0.87981
0.88362
0.88975
0.8945
0.89856
0.90444
0.90931
0.91381
0.91881
0.92369
0.92894
0.9335
0.93919
0.94375
1.0651
1.0702
1.0754
1.0805
1.0856
1.0908
1.0959
1.1007
1.1063
1.1112
1.1164
1.1211
1.1267
1.1333
1.1385
1.2689
1.2739
1.2792
1.2833
1.2898
1.2948
1.3002
1.3055
1.3109
1.3161
1.3216
1.3268
1.3321
1.3375
1.3429
1.348
1.3534
1.3587
1.3639
1.369
1.3744
1.3796
1.3857
1.3901
1.3949
1.401
1.4063
1.4112
1.4161
1.5471
1.5524
1.5581
1.5636
1.5693
1.5751
1.5805
1.5859
1.5917
1.5967
1.6031
1.6092
1.6148
1.6194
1.6255
1.6317
1.6372
1.6426
1.6482
