0.241937500
0.246562500
0.251625000
0.256937500
0.262250000	
0.356125000	
0.362187500	
0.368625000	
0.382500000	
0.387812500
0.393500000
0.398687500
0.404000000
0.409250000
0.414562500
0.419437500
0.424625000
0.429750000
0.435000000
0.440437500
0.445687500
0.451062500
0.456437500
0.461812500
0.467187500
0.472562500
0.478000000
0.483375000
0.488687500
0.494062500
0.499312500
0.504625000
0.509875000
0.515000000
0.520125000
0.525250000
0.530250000
0.535250000
0.540125000
0.545062500
0.549937500
0.554687500
0.559500000
0.564187500
0.568875000
0.573562500
0.578187500
0.582875000
0.587437500
0.592125000
0.596750000
0.601437500
0.606250000
0.611000000
0.615812500
0.620625000
0.625437500
0.630312500
0.635187500
0.639937500
0.644812500
0.649625000
0.654375000
0.659125000
0.664000000
0.668812500
0.673625000
0.678437500
0.683312500
0.688187500
0.693125000
0.698062500
0.703062500
0.708187500
0.713750000
0.719500000
0.725187500	
0.762187500	
0.768375000
0.779812500	
0.786062500	
0.792000000	
0.800875000	
0.807812500	
0.813875000	
0.820062500	
0.825687500
0.831187500
0.836750000
0.842125000
0.847500000
0.852750000
0.858062500
0.863500000
0.868875000
0.874500000
0.879937500
0.885562500
0.891125000
0.896500000
0.902062500
0.907375000
0.912937500
0.918250000
0.923625000
0.929125000
0.934437500
0.939875000
0.945187500
0.950687500
0.956250000
0.961750000
0.967125000
0.972562500
0.978062500
0.983062500
0.988187500
0.993250000
0.998312500
1.003562500
1.008812500
1.014000000
1.019187500
1.024437500
1.029687500
1.034875000
1.040062500
1.045250000
1.050500000
1.055750000	
1.061062500	
1.066312500	
1.071875000	
1.076937500	
1.082312500
1.087562500
1.092750000
1.097812500
1.102875000
1.107625000
1.112625000
1.117437500
1.121937500
1.126812500
1.131500000
1.136125000
1.140937500
1.145812500
1.151062500
1.156562500
1.162125000
1.167875000
1.173812500	
1.180125000	
1.226937500
1.232000000
1.237187500
1.242250000
1.247437500
1.252562500
1.257687500
1.262812500	
1.268000000	
1.273125000
1.278375000
1.283500000
1.288687500
1.294187500
1.299312500	
1.304750000	
1.310187500	
1.315312500	
1.320812500	
1.326187500	
1.331687500	
1.337125000	
1.342687500	
1.348437500	
1.354000000
1.359687500	
1.365125000	
1.370812500
1.376687500
1.382375000
1.388125000
1.394000000
1.399750000
1.405625000
1.411375000
1.417187500
1.422937500
1.428937500
1.434812500
1.440750000
1.446500000
1.452312500
1.458062500
1.463687500
1.469375000
1.475312500
1.480937500
1.486875000
1.492812500
1.498812500	
1.504750000
1.511000000
1.517187500
1.523562500
1.532187500	
1.537375000	
1.543125000	
1.648937500
1.654750000
1.660375000	
1.666500000
1.672125000
1.677875000
1.684062500
1.689812500
1.696812500
1.703687500	
1.709000000
1.714000000	
1.742687500	
1.748187500	
1.755687500	
1.764937500	
1.770187500
1.776000000
1.781625000
1.787062500
1.792125000
1.797687500
1.803187500
1.808500000
1.814125000
1.819625000
1.825062500
1.830625000
1.836312500
1.841937500
1.847562500
1.853312500
1.859375000
1.865125000	
1.871375000
1.877562500
1.883937500
1.890437500
1.897062500
1.903812500
1.911312500	
1.918875000	
1.924437500	
1.968562500
1.974187500	
1.979812500	
1.985750000	
1.991687500	
1.997562500	
2.003750000
2.009812500	
2.016312500
2.023000000
2.029750000
2.034687500
2.041437500	
2.049562500	
2.055187500	
2.084312500	
2.102750000	
2.116062500
2.122312500
2.128312500
2.134312500
2.140187500
2.145937500
2.152000000
2.157812500
2.163625000
2.169375000
2.175250000
2.180812500
2.186437500
2.192062500
2.197875000
2.203562500
2.209187500	
2.215062500
2.220875000	
2.226875000	
2.232875000	
2.239000000	
2.244875000	
2.251625000	
2.258250000	
2.264250000	
2.270437500	
2.276312500	
2.282125000	
2.287500000	
2.293187500	
2.298125000
2.303875000
2.309437500
2.314937500
2.320437500
2.325937500
2.331500000
2.337000000
2.342562500
2.348062500
2.353562500
2.359062500
2.364562500
2.370000000
2.375375000
2.380812500
2.386187500
2.391500000
2.396875000
2.402187500
2.407562500
2.412875000
2.418250000
2.423562500
2.428875000
2.434187500
2.439562500
2.444875000
2.450187500
2.455437500
2.460750000
2.466062500
2.471437500
2.476750000
2.482000000
2.487375000
2.492687500
2.498000000
2.503375000
2.508687500
2.514000000
2.519437500
2.524812500
2.530187500
2.535625000	
2.541125000	
2.546562500	
2.552062500	
2.557625000	
2.563000000	
2.568437500	
2.574062500	
2.579562500	
2.585375000	
2.591125000	
2.596562500	
2.602437500	
2.608812500	
2.614625000	
2.620437500	
2.626375000	
2.632062500	
2.637812500	
2.642750000	
2.648500000	
2.655375000	
2.660250000	
2.666750000	
2.672312500	
2.678187500	
2.683750000	
2.689687500	
2.695937500	
2.701125000	
2.707062500	
2.712812500	
2.718812500	
2.724687500	
2.731000000	
2.736625000	
2.742750000	
2.748937500	
2.755125000	
2.761375000	
2.766937500	
2.773312500	
2.779437500	
2.785250000	
2.791437500	
2.797375000	
2.803687500	
2.809875000	
2.816125000	
2.822312500	
2.828500000	
2.834625000	
2.840812500	
2.847875000	
2.855000000	
2.860937500	
2.868062500	
