0.219187500
0.224687500
0.229437500
0.234062500
0.238812500
0.243375000
0.248250000
0.252937500
0.257500000
0.262562500
0.267312500
0.270937500
0.276125000
0.280750000
0.285875000
0.290687500
0.295625000
0.300625000
0.305750000
0.310875000
0.315812500
0.321187500
0.325937500
0.331062500
0.336437500
0.341625000
0.346812500
0.351687500
0.356687500
0.361625000
0.367187500
0.372125000
0.377250000
0.382312500
0.387312500
0.392250000
0.397437500
0.402812500
0.407562500
0.412812500
0.417812500
0.422875000
0.428437500
0.434437500
0.439062500
0.566437500
0.571062500
0.576062500
0.580750000
0.585625000
0.590312500
0.595062500
0.599437500
0.604312500
0.608687500
0.612875000
0.617437500
0.621562500
0.626000000
0.630062500
0.634250000
0.638375000
0.642687500
0.647000000
0.651000000
0.655125000
0.659250000
0.663312500
0.667562500
0.671687500
0.675875000	
0.679750000
0.683812500
0.688000000
0.692000000
0.696062500
0.700812500
0.704687500
0.709000000
0.775062500
0.779500000
0.783500000
0.787875000
0.792500000
0.797125000
0.801562500
0.806062500
0.810812500
0.815187500
0.819812500
0.824375000
0.828937500
0.833500000
0.838062500
0.842562500
0.847250000
0.851750000
0.856437500
0.861062500
0.865750000
0.870437500
0.875125000
0.879750000
0.884375000
0.889062500
0.893812500
0.898437500
0.903312500
0.908375000
0.913250000
0.918437500
0.923125000
0.927812500
0.932437500
0.936875000
0.941562500
0.945875000
0.950687500
0.955125000
0.959812500
0.964062500
0.969000000
0.973687500
0.978062500
0.982875000
0.987375000
0.992187500
0.996812500
1.001375000
1.006187500
1.010812500
1.015812500
1.021375000
1.026812500
1.032375000
1.038187500
1.043875000
1.049375000
1.055375000
1.061125000
1.067125000
1.072625000
1.078812500
1.084187500
1.090000000
1.095187500
1.099875000
1.105125000
1.110312500
1.116000000
1.121125000
1.126375000
1.131625000
1.136875000
1.142125000
1.147187500
1.152375000
1.157875000
1.163125000
1.168375000
1.173812500
1.178875000
1.184187500
1.189687500
1.194875000
1.200625000
1.205812500
1.211000000
1.216500000
1.222125000
1.227375000
1.232500000
1.238125000
1.243500000
1.248812500
1.254125000
1.259625000
1.264500000
1.269875000
1.275312500
1.280687500
1.286125000
1.291187500
1.296625000
1.302125000
1.307312500
1.312375000
1.317687500
1.323187500
1.329125000
1.334812500
1.341125000
1.348312500
1.422687500
1.428000000
1.433375000
1.438812500
1.444312500
1.451875000
1.591625000
1.597375000
1.602687500
1.608125000
1.613625000
1.619187500
1.624687500
1.630125000
1.635875000
1.641375000
1.646875000
1.652625000
1.658312500
1.663687500
1.669375000
1.674812500
1.680687500
1.685687500
1.691375000
1.697625000
1.703187500
1.708625000
1.714500000
1.719875000
1.725687500
1.731125000
1.736812500
1.742500000
1.747875000
1.753875000
1.759375000
1.765375000
1.770875000
1.776625000
1.782187500
1.788125000
1.793875000
