0.2305
0.23463
0.24025
0.245
0.25012
0.25588
0.26006
0.26463
0.26944
0.27456
0.27906
0.28394
0.28875
0.29325
0.29894
0.30412
0.30744
0.31331
0.31831
0.32431
0.32887
0.33356
0.33837
0.34294
0.34763
0.35237
0.3575
0.36212
0.36725
0.37175
0.378
0.45325
0.45837
0.4625
0.46744
0.47231
0.47669
0.48119
0.48575
0.49025
0.49475
0.49931
0.50387
0.50844
0.513
0.51769
0.52206
0.52681
0.53138
0.53606
0.54063
0.54544
0.55069
0.55569
0.56094
0.56606
0.57125
0.57619
0.58144
0.58688
0.59237
0.59756
0.60288
0.60806
0.6135
0.61919
0.62438
0.62969
0.63469
0.63981
0.64481
0.64963
0.65456
0.65925
0.66406
0.66894
0.67356
0.67831
0.68156
0.68763
0.69263
0.69775
0.70263
0.70656
0.71262
0.71831
0.72244
0.72831
0.733
0.73806
0.74287
0.74813
0.75319
0.75813
0.76325
0.7685
0.77369
0.77875
0.784
0.78706
0.79444
0.79969
0.80475
0.80806
0.81537
0.8205
0.82569
0.83106
0.83425
0.84137
0.84656
0.85156
0.85662
0.86169
0.86662
0.87194
0.87738
0.88294
0.88863
0.89419
0.90006
0.90587
0.91144
0.91719
0.92281
0.92888
0.98762
0.992
0.99844
1.0039
1.0093
1.0148
1.0198
1.0252
1.0309
1.0359
1.0419
1.0484
1.0542
1.0599
1.0654
1.0694
1.1871
1.1926
1.1991
1.2037
1.2093
1.2151
1.2208
1.227
1.2332
1.2408
1.2475
1.287
1.2916
1.2986
1.3044
1.309
1.3148
1.3206
1.3265
1.332
1.3379
1.3433
1.3492
1.3554
1.3604
1.3666
1.3714
1.377
1.3827
1.3882
1.3947
1.3995
1.4058
1.4105
1.4161
1.4217
1.4274
1.4335
1.4391
1.4452
1.4511
1.4569
1.4628
1.4684
1.4744
1.4797
1.4853
1.4914
1.4966
1.5024
1.5076
1.5129
1.5189
1.5244
1.5297
1.5355
1.5412
1.5469
1.5529
1.5589
1.5651
1.5705
1.5762
1.5818
1.5871
1.5928
1.5979
1.6035
1.6088
1.6143
1.6196
1.6256
1.6315
1.6368
1.6421
1.6463
1.6518
1.7653
1.771
1.7766
1.7821
1.7876
1.7929
1.7985
1.8039
1.8098
1.8152
1.8206
1.8262
1.8318
1.838
1.8427
1.8483
1.8538
1.8604
1.8658
1.8714
1.8769
2.0009
2.0054
2.0116
2.0168
2.0228
2.0284
2.0337
2.0394
2.0449
2.0504
2.0561
2.0614
2.0672
2.0726
2.0787
2.0848
2.0901
2.0958
2.1012
2.1069
2.1123
2.1174
2.2526
2.2581
2.2634
2.2694
2.2755
2.2812
2.2877
2.2938
2.3
2.3062
2.3127
2.319
2.3249
2.3312
2.3373
2.3432
2.3486
2.355
2.3609
2.3669
2.3727
2.3786
2.3843
