0.230187500	
0.235125000	
0.240562500	
0.245687500	
0.250812500	
0.256187500	
0.261437500	
0.266750000	
0.272125000	
0.277437500	
0.282750000	
0.288562500	
0.294312500	
0.300500000	
0.308250000	
0.316437500	
0.332937500	
0.345125000	
0.350750000	
0.356562500	
0.361687500	
0.367000000	
0.372312500	
0.378000000	
0.383312500	
0.388812500	
0.394250000	
0.399625000	
0.405125000	
0.410625000	
0.416062500	
0.421875000	
0.427250000	
0.432812500	
0.438750000	
0.444687500	
0.450875000	
0.456937500	
0.463187500	
0.469937500	
0.478625000	
0.485000000	
0.490750000	
0.496812500	
0.502500000	
0.505125000	
0.507812500	
0.510875000	
0.517062500	
0.522937500	
0.528937500	
0.534625000	
0.540125000	
0.545937500	
0.551437500	
0.556875000	
0.562562500	
0.568187500	
0.573937500	
0.579625000	
0.585500000	
0.590687500	
0.596250000	
0.602125000	
0.608250000	
0.614312500	
0.619687500	
0.625437500	
0.630750000	
0.636250000	
0.642250000	
0.647500000	
0.653250000	
0.658437500	
0.663687500	
0.669000000	
0.674625000	
0.679562500	
0.684812500	
0.690062500	
0.695625000	
0.700562500	
0.706437500	
0.712875000	
0.718937500	
0.724500000	
0.744000000	
0.769250000	
0.786187500	
0.791187500	
0.796750000	
0.801500000	
0.806875000	
0.811937500	
0.817062500	
0.822437500	
0.827562500	
0.832750000	
0.838312500	
0.843687500	
0.848812500	
0.854312500	
0.859875000	
0.865250000	
0.870750000	
0.876312500	
0.881750000	
0.887312500	
0.892875000	
0.898312500	
0.904062500	
0.909812500	
0.915375000	
0.921062500	
0.926625000	
0.932312500	
0.938125000	
0.943875000	
0.949625000	
0.955500000	
0.960812500	
0.966687500	
0.972437500	
0.978187500	
0.984250000	
0.989875000	
0.995687500	
1.001312500	
1.007312500	
1.012875000	
1.018750000	
1.024312500	
1.030187500	
1.035875000	
1.041687500	
1.047250000	
1.052875000	
1.058875000	
1.064562500	
1.069875000	
1.075625000	
1.081312500	
1.087000000	
1.093000000	
1.099062500	
1.105625000	
1.111562500	
1.118687500	
1.211437500	
1.217375000	
1.223375000	
1.229187500	
1.234937500	
1.240375000	
1.246187500	
1.251812500	
1.257625000	
1.263312500	
1.269125000	
1.274875000	
1.280750000	
1.286812500	
1.292625000	
1.298437500	
1.304750000	
1.310500000	
1.316375000	
1.322500000	
1.328875000	
1.334937500	
1.341312500	
1.347250000	
1.353750000	
1.359625000	
1.365937500	
1.372125000	
1.378062500	
1.384312500	
1.390500000	
1.397062500	
1.402812500	
1.409000000	
1.414812500	
1.421375000	
1.427250000	
1.433250000	
1.439250000	
1.444875000	
1.450812500	
1.457000000	
1.463937500	
1.600812500	
1.728812500	
1.734125000	
1.739812500	
1.745250000	
1.751062500	
1.756687500	
1.762062500	
1.767812500	
1.773625000	
1.779250000	
1.784875000	
1.790500000	
1.796500000	
1.802000000	
1.807875000	
1.814562500	
1.821250000	
1.828000000	
1.842562500	
1.859812500	
1.873687500	
1.877750000	
1.884250000	
1.889375000	
1.894812500	
1.900937500	
1.906500000	
1.912125000	
1.918000000	
1.923625000	
1.929750000	
1.935250000	
1.941187500	
1.946875000	
1.952562500	
1.958375000	
1.964250000	
1.970000000	
1.975750000	
1.981437500	
1.987000000	
1.992750000	
1.998625000	
2.004437500	
2.010000000	
2.015625000	
2.021562500	
2.027250000	
2.032937500	
2.039062500	
2.044937500	
2.050562500	
2.056562500	
2.062187500	
2.068125000	
2.073875000	
2.079500000	
2.085437500	
2.090937500	
2.096625000	
2.102500000	
2.108250000	
2.113687500	
2.119750000	
2.125500000	
2.275187500	
2.281187500	
2.287187500	
2.292750000	
2.298375000	
2.303812500	
2.309812500	
2.315875000	
2.321750000	
2.327562500	
2.333687500	
2.339312500	
2.345500000	
2.351437500	
2.357312500	
2.363750000	
2.369437500	
2.375500000	
2.381625000	
2.387937500	
2.394437500	
2.400687500	
2.406750000	
2.412937500	
2.419312500	
2.425187500	
2.431750000	
2.437812500	
2.444312500	
2.450500000	
2.456750000	
2.463187500	
2.469687500	
2.475687500	
2.482187500	
2.488625000	
2.495125000	
2.501500000	
2.507812500	
2.514125000	
2.520687500	
2.533562500	
2.539937500	
2.546375000	
2.552625000	
2.559062500	
2.565437500	
2.571500000	
2.578000000	
2.584187500	
2.590437500	
2.598562500	
2.604250000	
2.611250000	
2.616875000	
2.623687500	
2.630250000	
2.636625000	
