0.23375
0.2385
0.24338
0.24838
0.2535
0.25819
0.26306
0.268
0.27281
0.27813
0.28225
0.28769
0.29238
0.29731
0.302
0.30706
0.31225
0.31725
0.32269
0.32788
0.33287
0.338
0.34313
0.34781
0.35325
0.35844
0.3635
0.36869
0.37375
0.37881
0.38394
0.38906
0.39419
0.39931
0.40394
0.4095
0.41456
0.41975
0.42488
0.43
0.43512
0.44006
0.44525
0.45031
0.45525
0.46031
0.46519
0.47006
0.47469
0.47925
0.48431
0.48912
0.49388
0.49862
0.50331
0.508
0.51275
0.51744
0.52219
0.52675
0.53144
0.53606
0.54056
0.54512
0.54981
0.55437
0.559
0.56356
0.56819
0.57337
0.57775
0.58288
0.5865
0.59125
0.59637
0.60031
0.60419
0.60913
0.61419
0.61838
0.78538
0.79012
0.79606
0.80019
0.80537
0.81188
0.8165
0.822
0.82675
0.83225
0.83769
0.84319
0.8485
0.85388
0.85919
0.86425
0.86956
0.87475
0.87969
0.88487
0.89
0.89512
0.90025
0.90531
0.9105
0.91538
0.92056
0.92575
0.93094
0.93625
0.94144
0.94675
0.952
0.95781
0.96288
0.9685
0.97406
0.97962
0.98544
0.99075
0.99625
1.0017
1.0069
1.0121
1.0175
1.0226
1.0277
1.0328
1.0381
1.0431
1.0479
1.0536
1.0588
1.0639
1.0691
1.0743
1.0798
1.0851
1.0906
1.0962
1.1022
1.1082
1.1143
1.1205
1.1267
1.1324
1.1387
1.1444
1.1506
1.1561
1.1619
1.1671
1.1726
1.1782
1.1837
1.189
1.1946
1.2001
1.2056
1.2109
1.2164
1.222
1.2273
1.2329
1.2382
1.2436
1.2493
1.2545
1.2599
1.2654
1.2706
1.2763
1.2814
1.2866
1.2922
1.2973
1.3026
1.3079
1.3131
1.3186
1.4894
1.495
1.5
1.505
1.5101
1.5153
1.5204
1.5253
1.5301
1.5355
1.5406
1.5454
1.5508
1.5556
1.5607
1.5659
1.5714
1.7022
1.7074
1.7124
1.7181
1.7227
1.7277
1.7331
1.738
1.8844
1.8899
1.8953
1.9007
1.9061
1.9114
1.9168
1.9223
1.9278
1.9331
1.9384
1.9437
1.949
1.9543
1.9609
1.9661
1.9713
2.1648
2.1703
2.1761
2.182
2.1877
2.1934
2.199
2.2049
2.2106
2.2164
2.222
2.2276
2.2338
2.2394
2.2452
2.2509
2.2567
2.2626
2.2687
2.2746
2.2803
2.2862
2.2923
2.2985
2.3042
2.3101
2.3163
2.3224
2.3286
2.3344
2.3404
2.3462
2.3521
2.3579
2.3639
2.3699
2.3756
2.3818
2.388
2.3939
2.3997
2.4057
2.4115
2.4173
2.4236
2.4291
2.4351
2.4415
2.4473
2.4532
2.4594
2.4652
2.4715
2.4775
2.4831
