0.228812500
0.234187500
0.240000000
0.245062500
0.250812500
0.256187500
0.261687500
0.266750000
0.272562500
0.277437500
0.283625000
0.288937500
0.294312500
0.299687500
0.304937500
0.310250000
0.315437500
0.320687500
0.326125000
0.331375000
0.336687500
0.341875000
0.347000000
0.352312500
0.357437500
0.362562500
0.367625000
0.372187500
0.377375000
0.382687500
0.387312500
0.392687500
0.397750000
0.402750000
0.407500000
0.412875000
0.417937500
0.423125000
0.428250000
0.432875000
0.438250000
0.443562500
0.448812500
0.454375000
0.460062500
0.466312500
0.473437500
0.527625000
0.534062500
0.539625000
0.545375000
0.551125000
0.556312500
0.561562500
0.567062500
0.572625000
0.578812500
0.584187500	
0.589937500
0.595625000
0.601187500
0.606062500
0.611625000
0.617187500
0.622687500
0.628187500
0.633750000
0.639312500
0.644812500
0.650437500
0.656062500
0.661875000
0.667750000
0.673687500
0.679687500
0.685750000
0.691625000
0.698562500	
0.704312500	
0.709062500
0.714875000
0.720437500
0.725812500
0.731125000
0.736375000
0.741625000
0.746875000
0.752125000
0.757375000
0.762562500
0.768125000
0.773375000
0.778750000
0.784062500
0.789437500
0.794875000
0.800312500
0.805812500
0.811562500
0.817375000
0.823250000
0.829125000
0.835250000
0.841937500	
0.900625000
0.906000000
0.911562500
0.917125000
0.922687500
0.929000000
0.934500000
0.940125000
0.945812500
0.951500000
0.957375000
0.963250000
0.968937500
0.974937500
0.980812500
0.986812500
0.992875000
0.998750000
1.004750000
1.010625000
1.016437500
1.021312500
1.027125000
1.032937500
1.038687500
1.045562500
1.051437500
1.057000000
1.062812500
1.068562500
1.074250000
1.079875000
1.084437500
1.090125000
1.095937500
1.101875000
1.224750000
1.229375000
1.234625000
1.239500000
1.244437500
1.249812500
1.254812500
1.259750000
1.264937500
1.269875000
1.275187500
1.279937500
1.285062500
1.290250000
1.294937500
1.299937500
1.304937500
1.310250000
1.315062500
1.320187500
1.325375000
1.330500000
1.335687500
1.341000000
1.346312500
1.351625000
1.357062500
1.362437500
1.368062500
1.373500000
1.379125000
1.384750000
1.390375000
1.396187500
1.402062500
1.407875000
1.414500000
1.419625000
1.426375000
1.431250000
1.438312500
1.444500000
1.450500000
1.456625000
1.462937500
1.469062500
1.475125000
1.481187500
1.487187500
1.493500000
1.499437500
1.505375000
1.511625000	
1.518125000	
1.628500000
1.634375000
1.640312500
1.646250000
1.652375000
1.658312500
1.664437500
1.670375000
1.676500000
1.682562500
1.688562500
1.694312500	
1.700687500	
1.707500000	
1.813437500
1.818875000
1.824500000
1.830125000
1.835875000
1.841500000
1.847750000	
1.853000000
1.858750000
1.864812500
1.872500000	
2.002312500
2.007375000
2.012500000
2.017750000
2.023000000
2.028250000
2.032875000
2.038750000
2.044062500
2.049312500
2.054625000
2.059812500
2.065125000
2.070687500
2.076125000
2.082000000
2.193500000
2.198562500
2.204937500
2.209875000
2.215687500
2.221562500
2.228375000
2.233875000
2.240312500
2.245937500
2.251625000
2.258500000
2.264500000
2.270437500
2.276312500
2.282125000
2.288625000
2.294125000
2.300125000
2.306062500
2.312125000
2.318562500
2.323875000
2.329937500
2.336375000	
2.342937500	
2.530562500
2.536312500
2.542375000
2.548250000
2.554125000
2.560187500
2.567250000
2.573312500
2.579562500
2.585312500
2.591687500
2.597375000
2.603500000
2.609437500
2.615062500
2.621562500
2.627750000
2.633937500
2.640062500
2.646125000
2.652375000
2.658500000
2.664687500
2.671000000
2.677125000
2.683437500
2.689687500
2.696062500
2.702312500
2.708562500
2.715062500
2.721437500
2.727687500
2.734062500
2.740437500
2.746625000
2.752750000
2.758812500
2.765000000
2.771000000
2.777375000
2.783500000
2.789937500
2.796062500
2.802875000
2.808937500	
2.815437500	
2.821937500	
2.828125000	
2.834875000	
2.841312500	
2.847750000	
2.855000000	
2.860500000	
2.867312500	
2.874187500	
2.880562500	
2.888312500	
