0.236875000
0.241937500
0.246875000
0.251687500
0.256562500
0.261625000
0.266437500
0.271437500
0.276312500
0.281375000
0.286312500
0.291312500
0.296312500
0.301500000
0.306437500
0.311562500
0.316812500
0.322000000
0.327312500
0.332750000
0.338062500
0.343687500
0.349125000
0.354875000
0.360687500
0.366500000
0.372312500
0.378125000
0.383937500
0.389625000
0.395187500
0.400500000
0.405875000
0.411250000
0.416625000
0.422062500
0.427562500
0.433125000
0.438750000
0.444500000
0.450250000
0.456125000
0.462000000
0.467937500
0.473750000
0.479562500
0.485375000
0.491250000
0.497000000
0.502812500
0.508750000
0.514500000
0.520250000
0.525750000
0.531437500
0.536937500
0.542500000
0.548125000
0.553500000
0.558875000
0.564250000
0.569750000
0.575250000
0.581000000
0.586500000
0.592000000
0.597437500
0.603125000
0.607937500
0.612812500
0.618562500
0.623500000
0.628812500
0.633937500
0.639062500
0.644000000
0.649375000
0.654500000
0.659687500
0.664625000
0.669625000
0.674562500
0.679687500
0.684687500
0.689375000
0.694062500
0.699062500
0.704000000
0.709250000
0.714187500
0.719187500
0.723812500
0.729312500
0.734562500
0.739625000
0.744875000
0.750375000
0.923500000
0.928750000
0.934062500
0.939562500
0.945187500
0.950812500
0.956437500
0.962312500
0.968187500
0.974000000
0.979812500
0.985687500
0.991562500
0.997312500
1.003312500
1.009062500
1.015062500
1.021000000
1.027000000
1.032812500
1.038625000
1.044375000
1.050250000
1.056000000
1.061625000
1.068000000
1.074250000
1.080187500
1.086500000
1.092750000
1.099125000
1.105062500
1.111250000
1.117500000
1.123687500
1.129812500
1.135875000
1.141812500
1.147687500
1.153437500
1.159250000
1.165125000
1.170937500
1.176812500
1.182687500
1.188562500
1.194687500
1.200625000
1.206625000
1.212687500
1.218687500
1.224750000
1.230750000
1.236750000
1.242750000
1.248687500
1.254750000
1.260687500
1.266562500
1.272812500
1.278562500
1.284375000
1.290437500
1.296687500
1.465187500
1.472000000
1.478062500
1.483562500
1.489312500
1.495187500
1.501500000
1.507375000
1.512812500
1.518812500
1.524812500
1.531187500
1.537375000
1.543437500
1.549062500
1.555062500
1.561312500
1.567125000
1.573375000
1.579375000
1.585437500
1.591562500
1.597750000
1.603875000
1.610250000
1.616687500
1.622875000
1.628812500
1.635500000
1.641687500
1.648250000
1.654500000
1.660875000
1.667125000
1.673437500
1.679875000
1.686062500
1.692250000
1.699000000
1.705437500
1.711812500
1.718062500
1.724562500
1.730750000
1.736875000
1.743312500
1.749812500
1.756250000
1.762750000
1.769312500
1.775812500
1.782250000
1.788812500
1.795375000
1.801937500
1.808375000
1.814875000
1.821500000
1.827937500
1.834437500
1.841000000
1.847562500
1.854000000
1.860375000
1.866687500
1.873125000
1.880937500
1.886812500	
1.893687500	
1.900000000	
