0.1175
0.12213
0.12694
0.13181
0.13675
0.142
0.22938
0.23438
0.23931
0.24431
0.24881
0.25412
0.25919
0.2645
0.2695
0.2745
0.27981
0.28469
0.29013
0.29513
0.30025
0.30562
0.31081
0.31606
0.32144
0.3265
0.33187
0.33694
0.34237
0.34756
0.35281
0.35813
0.36312
0.36869
0.37388
0.37906
0.384
0.38919
0.39437
0.39931
0.40431
0.40944
0.41437
0.41925
0.42419
0.429
0.43375
0.43862
0.44344
0.4485
0.45313
0.45813
0.46337
0.468
0.47325
0.478
0.48275
0.48756
0.49262
0.49719
0.50162
0.50638
0.51087
0.515
0.51931
0.52369
0.52763
0.53156
0.53625
0.54031
0.54456
0.54869
0.55275
0.55719
0.56125
0.56575
0.56988
0.57419
0.57831
0.58231
0.587
0.59125
0.5955
0.59988
0.60425
0.60856
0.61294
0.61731
0.62181
0.62613
0.63069
0.63513
0.63938
0.64369
0.64838
0.65306
0.65756
0.66175
0.6665
0.67094
0.67563
0.68025
0.68475
0.689
0.69375
0.69831
0.70275
0.70731
0.71181
0.71625
0.721
0.7255
0.73
0.73425
0.73881
0.74331
0.74769
0.75213
0.75669
0.76119
0.76587
0.77031
0.77506
0.77987
0.78456
0.78906
0.79406
0.79856
0.80381
0.80837
0.81337
0.81812
0.82288
0.82794
0.83294
0.8375
0.84269
0.84781
0.85281
0.85756
0.8625
0.86738
0.87231
0.877
0.88175
0.88644
0.89106
0.89569
0.90044
0.905
0.90969
0.91425
0.91894
0.92369
0.92831
0.93306
0.93769
0.9425
0.94706
0.95281
1.0959
1.1009
1.106
1.1108
1.1156
1.1206
1.1258
1.1304
1.1354
1.1401
1.1454
1.1504
1.1553
1.1602
1.1652
1.1703
1.1755
1.1803
1.1854
1.1904
1.1956
1.2005
1.2056
1.2105
1.2154
1.2208
1.2261
1.2314
1.2372
1.2426
1.2481
1.2534
1.2587
1.2638
1.269
1.2739
1.2792
1.2843
1.2894
1.2943
1.2996
1.3049
1.3101
1.315
1.3203
1.3256
1.3309
1.3362
1.3414
1.3468
1.3521
1.3573
1.3627
1.368
1.3733
1.3787
1.3841
1.3893
1.3947
1.4001
1.4056
1.4109
1.4161
1.4216
1.4272
1.4325
1.4378
1.4431
1.4484
1.454
1.4592
1.4646
1.4699
1.4753
1.4808
1.4858
1.4913
1.4968
1.502
1.5077
1.5131
1.5185
1.524
1.5295
1.5348
1.5403
1.5459
1.5515
1.5571
1.5626
1.5681
1.5736
1.5788
1.5846
1.5899
1.5956
1.6011
1.6064
1.6119
1.6174
1.6226
1.6283
1.6334
1.6393
1.6446
1.6501
1.6552
1.6606
1.6661
1.6718
1.6771
1.6826
1.6878
1.693
1.6984
1.7039
1.7092
1.7147
1.7203
1.7256
1.731
1.7363
1.7419
1.7474
1.7531
1.7588
1.7641
1.7698
1.7754
1.7809
1.787
1.7923
1.7981
1.804
1.8095
1.8156
1.8211
1.8271
1.833
1.838
1.8435
1.9402
1.9456
1.9511
1.9567
1.9622
1.9679
1.9734
1.9791
1.9846
1.9906
1.9959
2.0015
2.0071
2.0129
2.0184
2.0244
2.0297
2.0352
2.041
2.047
2.0527
2.0585
2.0641
2.0698
2.0759
2.0818
2.0876
2.0931
2.0992
2.1048
2.1103
2.1162
2.1218
2.1273
2.1329
2.1386
2.144
2.1496
2.1548
2.1603
2.1656
2.1716
2.1764
2.1818
2.1869
2.1922
2.1976
2.2031
2.2085
2.2143
2.2199
2.2256
2.2315
2.2373
2.2428
2.2483
2.2544
2.2598
2.2656
2.2713
2.2769
2.2823
2.2882
2.2938
2.2996
2.3048
2.3104
2.316
2.321
2.3271
2.3324
2.3379
2.3431
2.3486
2.3541
2.36
2.3655
2.3711
2.3766
2.3819
2.3872
2.3924
2.3983
2.4039
2.4099
2.4151
2.4208
2.4264
2.432
2.4364
2.4432
2.4487
2.4542
2.4597
2.4649
2.4708
2.4766
2.4819
2.4878
2.4927
2.499
2.5042
2.5099
2.5161
2.5214
2.5272
2.5331
2.5388
2.5442
2.5504
2.5561
2.5619
2.5676
2.5734
2.579
2.5846
2.5905
2.5962
2.6021
2.6079
2.6138
2.6196
2.6254
2.6313
2.6373
2.6429
2.6489
2.6547
2.6608
2.666
2.6714
2.6784
2.6844
2.6904
2.6961
2.7021
2.7082
2.714
2.7201
2.7261
2.732
2.7379
2.7441
2.7498
2.7556
2.7616
2.7674
2.7731
2.7787
2.7847
2.7912
2.7972
2.8032
2.8087
2.8139
