0.22925
0.23338
0.23881
0.24338
0.24806
0.25281
0.2575
0.26225
0.26713
0.27169
0.27644
0.28113
0.28619
0.291
0.29569
0.30075
0.30531
0.31062
0.31525
0.3205
0.32531
0.33037
0.33525
0.34019
0.34531
0.35019
0.35531
0.36006
0.36506
0.37006
0.37475
0.3795
0.3845
0.38963
0.39425
0.39913
0.40394
0.40844
0.41237
0.41731
0.42169
0.42625
0.43088
0.43556
0.44019
0.4445
0.44913
0.45363
0.45813
0.46275
0.46756
0.47225
0.47687
0.48156
0.48606
0.49112
0.496
0.50081
0.50525
0.51013
0.51519
0.52031
0.52538
0.57969
0.58381
0.58825
0.59262
0.59706
0.60156
0.60638
0.61075
0.615
0.61987
0.6245
0.62875
0.6335
0.63819
0.64287
0.64769
0.65256
0.65763
0.66219
0.66688
0.67212
0.67688
0.68169
0.6865
0.6915
0.69656
0.70144
0.706
0.71125
0.71569
0.72069
0.72581
0.73094
0.73587
0.74075
0.74581
0.75075
0.75587
0.76094
0.76606
0.77112
0.77619
0.78125
0.78594
0.79112
0.79619
0.80131
0.80644
0.8115
0.81663
0.822
0.82706
0.83231
0.83744
0.84275
0.84794
0.85325
0.85869
0.86438
0.86944
0.875
0.88075
0.88625
0.89144
0.89725
0.90263
0.90838
0.91356
0.919
0.925
0.93056
0.93637
0.94163
0.94744
0.95275
0.95919
0.96456
0.96975
1.1564
1.162
1.1674
1.1726
1.1779
1.1833
1.1889
1.1945
1.2
1.2056
1.2111
1.217
1.2222
1.2282
1.2336
1.2394
1.2445
1.2502
1.2559
1.2611
1.2664
1.2723
1.2774
1.283
1.2882
1.2937
1.2987
1.3042
1.3092
1.3146
1.3194
1.3244
1.3294
1.3344
1.3394
1.3444
1.3492
1.3541
1.3592
1.3641
1.3693
1.3738
1.379
1.3839
1.3887
1.3937
1.3986
1.4036
1.4084
1.4133
1.4181
1.423
1.4278
1.4329
1.4378
1.4431
1.4479
1.4527
1.458
1.463
1.468
1.4733
1.4784
1.4837
1.4888
1.4939
1.4993
1.5043
1.5096
1.5148
1.52
1.5254
1.5307
1.5359
1.5412
1.5464
1.5519
1.5572
1.5626
1.5678
1.5731
1.5785
1.5841
1.5891
1.5942
1.5991
1.6055
1.7238
1.7294
1.7344
1.7403
1.7454
1.7509
1.7565
1.7606
1.766
1.7714
1.7764
1.7824
1.7881
1.8241
1.8292
1.8346
1.84
1.8456
1.851
1.8564
1.862
1.8673
1.8732
1.8785
1.8837
1.8889
1.8945
1.9004
2.056
2.0614
2.0671
2.0726
2.0782
2.0838
2.0892
2.0948
2.1005
2.1062
2.1119
2.1176
2.1231
2.1288
2.1344
2.14
2.1458
2.1515
2.1573
2.1629
2.1691
2.1747
2.1804
2.1864
2.1921
2.1979
2.2037
2.2096
2.2156
2.2214
2.2273
2.2333
2.239
2.2449
2.2508
2.2564
2.2622
2.2678
2.2736
2.2804
