0.213562500
0.218625000
0.223500000
0.228375000
0.233250000
0.238125000
0.242937500
0.247812500
0.252750000
0.257750000
0.263125000
0.268250000
0.361937500
0.366937500
0.371875000
0.376937500
0.381937500
0.386937500
0.392062500
0.397125000
0.402312500
0.407500000
0.412812500
0.418187500
0.423437500
0.428875000
0.435000000
0.440500000	
0.446000000
0.451375000
0.456187500
0.461500000
0.466562500
0.471562500
0.476687500
0.481750000
0.486812500
0.491875000
0.496875000
0.502000000
0.507125000
0.512187500
0.517500000
0.523500000	
0.657187500
0.662062500
0.667625000
0.673187500
0.678625000
0.684312500
0.689937500
0.695812500
0.701375000
0.707187500
0.712937500
0.718562500
0.724437500
0.730062500
0.735812500
0.741500000
0.747187500
0.752875000
0.758562500
0.764312500
0.770062500
0.775812500
0.781500000
0.787250000
0.792875000
0.798625000
0.804125000
0.809562500
0.815250000
0.820937500
0.826562500
0.832250000
0.837750000
0.843375000
0.849062500
0.854562500
0.860187500
0.865812500
0.871312500
0.876875000
0.882625000
0.888250000
0.893875000
0.899562500
0.905000000
0.910625000
0.916187500
0.921562500
0.927062500
0.932500000
0.937875000
0.943500000
0.948687500
0.955500000	
1.160687500
1.166250000
1.171750000
1.177312500
1.182750000
1.187937500
1.193562500
1.199312500
1.204625000
1.210375000
1.216187500
1.221937500
1.227500000
1.232875000
1.238062500
1.243812500
1.249375000
1.254750000
1.260437500
1.266187500
1.272000000
1.277812500
1.283312500
1.289562500
1.295312500
1.301125000
1.306687500
1.312687500
1.318500000
1.324375000
1.330437500
1.336375000
1.342500000
1.348625000
1.354625000
1.360937500
1.367375000
1.373625000
1.379625000
1.385875000
1.392125000
1.398375000
1.404562500
1.410625000
1.416750000
1.423125000
1.429250000
1.435437500
1.442437500
1.448750000
1.455062500
1.461500000
1.467750000	
1.603062500
1.608875000
1.615000000
1.621687500
1.627187500
1.633375000
1.639937500	
1.718750000
1.725062500
1.731437500
1.737875000
1.744187500
1.750437500
1.756812500
1.763062500
1.769375000
1.775687500
1.782000000
1.788375000
1.794812500
1.801312500
1.807687500
1.814062500
1.820625000
1.826875000
1.833437500
1.839812500
1.846250000
1.852500000
1.859000000
1.865625000
1.871937500
1.878375000
1.884812500
1.891187500
1.897687500
1.904375000
1.910812500
1.917312500
1.923687500
1.930312500
1.936875000
1.943562500
1.950750000
1.958500000
1.965437500	
1.979500000	
1.998812500	
2.013125000
2.020437500
2.027687500
2.035000000
2.042500000
2.049937500
2.057750000
2.065062500
2.072812500
2.079937500
2.087750000
2.094937500
2.102000000
2.108500000
2.115000000
2.122375000	
