0.216750000	
0.222562500	
0.228000000	
0.233562500	
0.239000000	
0.244500000	
0.249625000	
0.254875000	
0.259875000	
0.265062500	
0.269687500	
0.274625000	
0.279625000	
0.284687500	
0.289437500	
0.294437500	
0.299125000	
0.304312500	
0.309312500	
0.314437500	
0.319500000	
0.324312500	
0.329312500	
0.334375000	
0.339437500	
0.344312500	
0.349125000	
0.354187500	
0.359125000	
0.364250000	
0.369062500	
0.373937500	
0.378687500	
0.383812500	
0.388750000	
0.393687500	
0.399062500	
0.403875000	
0.408625000	
0.413250000	
0.417625000	
0.422625000	
0.427250000	
0.431750000	
0.436625000	
0.440875000	
0.445687500	
0.450500000	
0.454812500	
0.459687500	
0.464250000	
0.468875000	
0.473812500	
0.478562500	
0.483187500	
0.487687500	
0.492625000	
0.497437500	
0.502125000	
0.507000000	
0.511875000	
0.516875000	
0.521937500	
0.526687500	
0.531750000	
0.536687500	
0.541687500	
0.546562500	
0.551687500	
0.556937500	
0.562000000	
0.567187500	
0.572375000	
0.577750000	
0.583062500	
0.588500000	
0.593687500	
0.599000000	
0.604312500	
0.609562500	
0.614875000	
0.620375000	
0.625750000	
0.631125000	
0.636562500	
0.642125000	
0.647562500	
0.653187500	
0.658500000	
0.663812500	
0.669250000	
0.674687500	
0.680187500	
0.685625000	
0.691312500	
0.696750000	
0.702062500	
0.707562500	
0.713000000	
0.718562500	
0.724062500	
0.729562500	
0.734875000	
0.740500000	
0.746062500	
0.751187500	
0.757000000	
0.762500000	
0.768125000	
0.773875000	
0.779687500	
0.785750000	
0.792125000	
0.798687500	
0.805562500	
0.828687500	
0.834312500	
0.839875000	
0.845500000	
0.851125000	
0.856625000	
0.862375000	
0.868312500	
0.874062500	
0.879500000	
0.885312500	
0.890812500	
0.896625000	
0.902687500	
0.908250000	
0.914187500	
0.920125000	
0.926187500	
0.932187500	
0.938062500	
0.944062500	
0.950250000	
0.956500000	
0.962750000	
0.969500000	
1.120250000	
1.125687500	
1.131250000	
1.136875000	
1.142500000	
1.148312500	
1.153875000	
1.159750000	
1.165562500	
1.171625000	
1.177562500	
1.183500000	
1.189437500	
1.195312500	
1.201437500	
1.207437500	
1.213500000	
1.219625000	
1.225562500	
1.231812500	
1.238000000	
1.244125000	
1.250375000	
1.256500000	
1.262875000	
1.268875000	
1.275187500	
1.281375000	
1.287625000	
1.294000000	
1.300312500	
1.306687500	
1.313062500	
1.319437500	
1.325875000	
1.332437500	
1.338625000	
1.345000000	
1.351250000	
1.357562500	
1.364062500	
1.370312500	
1.376875000	
1.383250000	
1.390500000	
1.396875000	
1.403000000	
1.409375000	
1.416000000	
1.422125000	
1.429000000	
1.435187500	
1.441750000	
1.448375000	
