0.229937500
0.234625000
0.239375000
0.244000000
0.248937500
0.253750000
0.258625000
0.263687500
0.269000000
0.274500000
0.392750000
0.397687500
0.402562500
0.407562500
0.412500000
0.417312500
0.422375000
0.427437500
0.432562500
0.437625000
0.442687500
0.447875000
0.453062500
0.458125000
0.463250000
0.468437500
0.473500000
0.478687500
0.483625000
0.488687500
0.493625000
0.498625000
0.503562500
0.508625000
0.513062500
0.517750000
0.522375000
0.526937500
0.531562500
0.536312500
0.541312500
0.711250000
0.715625000
0.720000000
0.724375000
0.728875000
0.733312500
0.737875000
0.742500000
0.747250000
0.752062500
0.757062500
0.762312500
0.890187500
0.895437500
0.899937500
0.905125000
0.910750000
0.916000000
0.921312500
0.926500000
0.932812500
0.938250000
0.942750000
0.948000000
0.953312500
0.958812500
0.964187500
0.969625000
0.975125000
0.980625000
0.986250000
0.991500000
0.996750000
1.003250000
1.008750000
1.013312500
1.018812500
1.024125000
1.029687500
1.035187500
1.040937500
1.045750000
1.051875000
1.056937500
1.062437500
1.068000000
1.073437500
1.079000000
1.084562500
1.089875000
1.095375000
1.100687500
1.106437500
1.111625000
1.117187500
1.122500000
1.127937500
1.133437500
1.138812500
1.143812500
1.149312500
1.155125000
1.161125000	
1.246500000
1.252000000
1.257500000
1.262750000
1.268562500
1.274187500
1.279500000
1.284687500
1.290312500
1.296250000	
1.301250000
1.306750000
1.312125000
1.317812500
1.323250000
1.328812500
1.334375000
1.340062500
1.345625000
1.351187500
1.356687500
1.362062500
1.367437500
1.372750000
1.378000000
1.383625000
1.389062500
1.394812500
1.400062500
1.405750000
1.411250000
1.416937500
1.422437500
1.427687500
1.433312500
1.438562500
1.443625000
1.449437500
1.454812500
1.460187500
1.465937500
1.471812500	
1.477750000	
1.588312500
1.593625000
1.599187500
1.604750000
1.610062500
1.615875000
1.621812500	
1.627312500	
1.632812500
1.638875000	
1.644437500	
1.650625000	
1.656187500	
1.662312500	
1.668375000	
1.674562500	
1.680437500
1.686312500	
1.692437500	
1.698437500
1.704562500
1.710500000	
1.716562500	
1.723250000	
1.729500000
1.735562500	
1.741687500	
1.747437500	
1.753437500	
1.759625000	
1.765125000	
1.771250000	
1.777062500	
1.782875000	
