0.217000000	
0.221625000	
0.227250000	
0.232375000	
0.237687500	
0.242812500	
0.248187500	
0.253562500	
0.258687500	
0.264187500	
0.269750000	
0.275375000	
0.281125000	
0.287187500	
0.293125000	
0.298812500	
0.306062500	
0.311187500	
0.318125000	
0.323187500	
0.329687500	
0.334625000	
0.341062500	
0.346312500	
0.352500000	
0.358000000	
0.363875000	
0.369125000	
0.374500000	
0.379875000	
0.385375000	
0.390562500	
0.395875000	
0.401375000	
0.406687500	
0.412250000	
0.417562500	
0.423000000	
0.428625000	
0.434000000	
0.439687500	
0.445625000	
0.451437500	
0.457937500	
0.464375000	
0.470750000	
0.476687500	
0.482562500	
0.488625000	
0.494125000	
0.500187500	
0.505625000	
0.511500000	
0.517312500	
0.522687500	
0.528312500	
0.534000000	
0.539687500	
0.545250000	
0.551062500	
0.556812500	
0.562750000	
0.568437500	
0.574187500	
0.579812500	
0.585312500	
0.590625000	
0.596187500	
0.601937500	
0.607500000	
0.612937500	
0.618687500	
0.624125000	
0.629625000	
0.635250000	
0.641062500	
0.646187500	
0.651375000	
0.656687500	
0.661875000	
0.667062500	
0.672375000	
0.677562500	
0.682562500	
0.687750000	
0.692750000	
0.697750000	
0.702875000	
0.707812500	
0.712875000	
0.717812500	
0.722812500	
0.727687500	
0.732750000	
0.737625000	
0.742562500	
0.747625000	
0.752687500	
0.757812500	
0.762937500	
0.767937500	
0.773187500	
0.778187500	
0.783250000	
0.788687500	
0.793687500	
0.799000000	
0.804250000	
0.809500000	
0.814750000	
0.820437500	
0.825625000	
0.830812500	
0.836000000	
0.841375000	
0.846750000	
0.852000000	
0.857562500	
0.863000000	
0.869187500	
0.971625000	
0.977062500	
0.982562500	
0.987750000	
0.993500000	
0.999000000	
1.004562500	
1.010250000	
1.015812500	
1.021500000	
1.026937500	
1.032687500	
1.038500000	
1.044187500	
1.049875000	
1.055625000	
1.061312500	
1.067312500	
1.072875000	
1.078750000	
1.084312500	
1.090187500	
1.095875000	
1.101625000	
1.107062500	
1.112812500	
1.118375000	
1.123937500	
1.129500000	
1.135187500	
1.140687500	
1.146437500	
1.151750000	
1.157500000	
1.162812500	
1.168625000	
1.178312500	
1.309375000	
1.320000000	
1.326062500	
1.331875000	
1.337750000	
1.343250000	
1.349000000	
1.354562500	
1.360437500	
1.366187500	
1.371687500	
1.377500000	
1.383187500	
1.388750000	
1.394562500	
1.400437500	
1.405937500	
1.411750000	
1.417437500	
1.423312500	
1.429312500	
1.435000000	
1.440750000	
1.446562500	
1.452375000	
1.458125000	
1.464125000	
1.469937500	
1.475812500	
1.481312500	
1.486875000	
1.493187500	
1.499000000	
1.505062500	
1.510875000	
1.516875000	
1.522750000	
1.528500000	
1.534625000	
1.540625000	
1.546687500	
1.552937500	
1.559187500	
1.565437500	
1.571625000	
1.577687500	
1.583812500	
1.589875000	
1.596000000	
1.602125000	
1.608187500	
1.613750000	
1.619687500	
1.625312500	
1.630875000	
1.636187500	
1.641937500	
1.648000000	
1.653625000	
1.659375000	
1.665000000	
1.670687500	
1.676375000	
1.682125000	
1.687375000	
1.693187500	
1.698562500	
1.704187500	
1.709812500	
1.715187500	
1.720875000	
1.726250000	
1.731812500	
1.737500000	
1.742875000	
1.748375000	
1.753750000	
1.759187500	
1.764625000	
1.769812500	
1.775187500	
1.780375000	
1.785687500	
1.790937500	
1.796125000	
1.801312500	
1.806500000	
1.811750000	
1.816750000	
1.822000000	
1.827062500	
1.832125000	
1.837250000	
1.842375000	
1.847437500	
1.852562500	
1.857687500	
1.862750000	
1.867750000	
1.872937500	
1.878125000	
1.883250000	
1.888500000	
1.893562500	
1.898500000	
1.903687500	
1.908625000	
1.913687500	
1.918687500	
1.924125000	
1.929125000	
1.934000000	
1.939250000	
1.944312500	
1.949750000	
1.954812500	
1.960187500	
1.965312500	
1.970500000	
1.975687500	
1.981062500	
1.986375000	
1.991562500	
1.997062500	
2.002437500	
2.007687500	
2.012937500	
2.018562500	
2.023875000	
2.029000000	
2.034312500	
2.039812500	
2.045062500	
2.050625000	
2.055937500	
2.061312500	
2.066562500	
2.071812500	
2.077437500	
2.082937500	
2.088250000	
2.093562500	
2.098875000	
2.104125000	
2.109937500	
2.114875000	
2.120500000	
2.126000000	
2.131500000	
2.137062500	
2.142312500	
2.147875000	
2.153250000	
2.158687500	
2.164187500	
2.170062500	
2.175687500	
2.181250000	
2.186812500	
2.192625000	
2.198437500	
2.203937500	
2.209250000	
2.215187500	
2.220750000	
2.226312500	
2.231875000	
2.238062500	
2.243937500	
2.249562500	
2.255312500	
2.261250000	
2.266750000	
2.272812500	
2.278812500	
2.285312500	
2.291625000	
2.297687500	
2.303750000	
2.309750000	
2.315562500	
2.321687500	
2.327812500	
2.333562500	
2.339750000	
2.345937500	
2.351687500	
2.357500000	
2.363562500	
2.369750000	
