0.227625000
0.232562500
0.237375000
0.242312500
0.247250000
0.252187500
0.257125000
0.262125000
0.267125000
0.272250000
0.277312500
0.282375000
0.287500000
0.292500000
0.297625000
0.302875000
0.307875000
0.313187500
0.318187500
0.323375000
0.328687500
0.333937500
0.339250000
0.344562500
0.349875000
0.355187500
0.360562500
0.366062500
0.371312500
0.376687500
0.382000000
0.387250000
0.392625000
0.397875000
0.403187500
0.408500000
0.413812500
0.419125000
0.424562500
0.429812500
0.435125000
0.440437500
0.445687500
0.451000000
0.456312500
0.461625000
0.467000000
0.472312500
0.477687500
0.482625000
0.488062500
0.493375000
0.498500000
0.503812500
0.509000000
0.514187500
0.519312500
0.524500000
0.529625000
0.534750000
0.539812500
0.545187500
0.550312500
0.555312500
0.560437500
0.565500000
0.570750000
0.575437500
0.580500000
0.585562500
0.590625000
0.595750000
0.601062500
0.606187500
0.611312500
0.616937500
0.622437500
0.697875000
0.704062500
0.708062500
0.713687500
0.718562500
0.723625000
0.728500000
0.733875000
0.739000000
0.744312500
0.749625000
0.754937500
0.760187500
0.765625000
0.771000000
0.776375000
0.781937500
0.787187500
0.792687500
0.798125000
0.803625000
0.809000000
0.814375000
0.819812500
0.825500000
0.831062500
0.836687500
0.842375000
0.848125000
0.853750000
0.859375000
0.865000000
0.870437500
0.875875000
0.881125000
0.886562500
0.891937500
0.897250000
0.902437500
0.907812500
0.913125000
0.918562500
0.923812500
0.928812500
0.934062500
0.939375000
0.944687500
0.950062500
0.956062500
0.961812500
0.967687500
0.974187500
1.078750000
1.083687500
1.089062500
1.093687500
1.098812500
1.103875000
1.109062500
1.114500000
1.120375000
1.125562500
1.131187500
1.136500000
1.142125000
1.147187500
1.152937500
1.158312500
1.163937500
1.169687500
1.175375000
1.181125000
1.186875000
1.192625000
1.198500000
1.204187500
1.210062500
1.215937500
1.222625000
1.228312500
1.234062500
1.239812500
1.245500000
1.251312500
1.257187500
1.263125000
1.268187500
1.273937500
1.280625000
1.286687500
1.293187500
1.299312500
1.305937500
1.312437500
1.318687500
1.325312500
1.331750000
1.336625000
1.342937500
1.349375000
1.355687500
1.361875000
1.368312500
1.374750000
1.381062500
1.388375000
1.393687500
1.400437500
1.406937500
1.413562500
1.420000000
1.426500000
1.432875000
1.440187500
1.446687500
1.453187500
1.459562500
1.466000000
1.472375000
1.478812500
1.485125000
1.491375000
1.497687500
1.504062500
1.510437500
1.516687500
1.522875000
1.529187500
1.536000000	
1.542062500
1.548000000
