0.264750000
0.269312500
0.273812500
0.278500000
0.283000000
0.287750000
0.292437500
0.297000000
0.301625000
0.306250000
0.310812500
0.315562500
0.320437500
0.325375000
0.330437500
0.335687500
0.341062500
0.346500000
0.351687500
0.357000000
0.362062500
0.367312500
0.372312500
0.377687500
0.382812500
0.387875000
0.393250000
0.397625000
0.402250000
0.407187500
0.412187500
0.417187500
0.421812500
0.426812500
0.431687500
0.436562500
0.441437500
0.446375000
0.451250000
0.456125000
0.460937500
0.465875000
0.470750000
0.475687500
0.480375000
0.485187500
0.490250000
0.495187500
0.500062500
0.505000000
0.509937500
0.514750000
0.519625000
0.524437500
0.529437500
0.534250000
0.539250000
0.544250000
0.549312500
0.554500000
0.559812500
0.565312500
0.570812500
0.576375000
0.581500000
0.586562500
0.591625000
0.596812500
0.601937500
0.607062500
0.612187500
0.617625000
0.622750000
0.628000000
0.633312500
0.638625000
0.643937500
0.649062500
0.654562500
0.659937500
0.665125000
0.670750000
0.675875000
0.681187500
0.686687500
0.692500000
0.698250000
0.704062500
0.710250000
0.716375000
0.722625000
0.728187500	
0.734375000	
0.741125000	
0.746312500	
0.752500000	
0.951375000
0.956312500
0.961250000
0.965312500
0.969937500
0.974500000
0.979000000
0.983812500
0.988687500
0.993375000
0.998125000
1.002187500
1.008312500
1.013187500
1.018500000
1.023937500
1.029625000
1.035062500
1.040625000
1.046437500
1.052250000
1.058187500
1.064187500
1.070125000
1.076375000
1.082375000
1.088687500
1.094437500
1.100812500
1.107187500
1.113187500
1.119125000
1.125250000
1.131062500
1.137062500
1.142937500
1.149000000
1.154937500
1.160562500
1.166687500
1.172375000
1.178437500	
1.184187500
1.190375000	
1.196312500	
1.202812500	
1.208500000	
1.214250000	
1.220125000	
1.225812500
1.230750000	
1.236375000	
1.242500000	
1.247812500	
1.253375000	
1.464562500
1.469812500
1.475312500
1.480750000
1.486750000
1.492250000
1.498937500
1.504437500
1.510812500
1.515250000
1.522000000
1.527187500
1.532750000
1.538562500
1.544750000
1.549875000
1.555437500
1.561062500
1.566687500
1.572437500
1.578250000
1.584062500
1.589875000
1.596125000
1.602312500
1.608437500
1.614750000
1.620875000
1.626875000
1.633125000
1.638812500
1.644500000
1.649437500
1.655250000
1.661312500
1.666812500
1.672250000
1.678000000
1.683500000
1.689312500
1.694812500
1.700625000
1.706437500
1.712375000
1.717500000
1.723062500
1.728687500
1.734125000
1.739750000
1.745250000
1.750562500
1.756250000
1.761500000
1.766562500
1.771750000
1.777187500
1.952875000
1.958187500
1.963750000
1.969312500
1.975000000
1.980687500
1.986437500
1.992000000
1.998187500
2.004437500
2.010375000
2.016375000
2.022500000
2.028437500
2.034687500
2.040562500
2.047062500
2.052750000
2.058375000
2.064625000	
2.070625000	
2.077062500	
2.082562500	
2.089437500	
2.095062500
2.101750000
2.108125000
2.114937500
2.121562500
2.128375000
2.135125000
2.141750000
2.148750000	
2.155437500	
2.161562500	
2.167937500	
2.174500000	
2.181250000	
2.187437500
2.193750000
2.200250000
2.206375000
2.212250000
2.218312500
2.225250000
2.231812500
2.238312500
2.244687500
2.251187500
2.257625000
2.263875000
2.270250000
2.276750000
2.283187500
2.289750000
2.296000000
2.302500000
2.308812500
2.315125000
2.321625000
2.328125000
2.334250000
2.340750000
2.347062500
2.352750000
2.359437500
2.365625000
2.372562500
2.378875000
2.385562500
2.391562500
2.398312500
2.404750000
2.411375000
2.417437500
2.423875000
2.430062500
2.436437500
2.442875000
2.448812500
2.455437500	
2.460812500	
