0.226937500	
0.232562500	
0.236750000	
0.242437500	
0.247312500	
0.252437500	
0.257500000	
0.262562500	
0.267625000	
0.272562500	
0.277375000	
0.282375000	
0.287125000	
0.292125000	
0.296875000	
0.301750000	
0.307000000	
0.312187500	
0.317625000	
0.322687500	
0.327812500	
0.333125000	
0.338375000	
0.344062500	
0.349437500	
0.354687500	
0.359875000	
0.365250000	
0.370437500	
0.375437500	
0.380625000	
0.385812500	
0.391375000	
0.396625000	
0.402062500	
0.407187500	
0.412375000	
0.417812500	
0.422937500	
0.428250000	
0.433500000	
0.438875000	
0.444312500	
0.449687500	
0.455062500	
0.460250000	
0.465375000	
0.470625000	
0.475750000	
0.480812500	
0.486187500	
0.491312500	
0.496500000	
0.501812500	
0.507062500	
0.512937500	
0.518125000	
0.528375000	
0.545625000	
0.550187500	
0.563750000	
0.653000000	
0.657125000	
0.661750000	
0.666437500	
0.671062500	
0.675687500	
0.680312500	
0.685125000	
0.690187500	
0.695312500	
0.700500000	
0.705625000	
0.711312500	
0.716812500	
0.722375000	
0.727750000	
0.733125000	
0.738312500	
0.743250000	
0.748125000	
0.752625000	
0.757750000	
0.762562500	
0.767562500	
0.772687500	
0.777562500	
0.782562500	
0.787437500	
0.792375000	
0.797500000	
0.802437500	
0.807312500	
0.812562500	
0.817312500	
0.822437500	
0.827500000	
0.832625000	
0.837750000	
0.842750000	
0.847937500	
0.853187500	
0.858437500	
0.863687500	
0.868625000	
0.874000000	
0.879375000	
0.884750000	
0.890000000	
0.895312500	
0.900750000	
0.906187500	
0.911562500	
0.916812500	
0.922187500	
0.927687500	
0.933062500	
0.938437500	
0.944062500	
0.949437500	
0.954875000	
0.960125000	
0.965312500	
0.970812500	
0.976125000	
0.981562500	
0.986937500	
0.992500000	
0.998000000	
1.004062500	
1.009812500	
1.016062500	
1.022187500	
1.028437500	
1.034625000	
1.040750000	
1.046812500	
1.052687500	
1.058687500	
1.064250000	
1.068875000	
1.074125000	
1.079375000	
1.084875000	
1.090000000	
1.095312500	
1.100687500	
1.105687500	
1.111000000	
1.116562500	
1.122250000	
1.127437500	
1.132875000	
1.138312500	
1.143687500	
1.149250000	
1.154625000	
1.160062500	
1.165875000	
1.171187500	
1.176625000	
1.181937500	
1.187312500	
1.193000000	
1.198812500	
1.204312500	
1.210437500	
1.216000000	
1.221937500	
1.227687500	
1.233625000	
1.239500000	
1.245437500	
1.250625000	
1.256500000	
1.262437500	
1.268250000	
1.274125000	
1.280062500	
1.285937500	
1.292187500	
1.298687500	
1.304500000	
1.417250000	
1.422687500	
1.427875000	
1.433062500	
1.438437500	
1.443562500	
1.449250000	
1.454687500	
1.460375000	
1.466125000	
1.471437500	
1.476750000	
1.482437500	
1.487750000	
1.493062500	
1.498812500	
1.504562500	
1.510375000	
1.515687500	
1.521125000	
1.526250000	
1.531562500	
1.537000000	
1.542562500	
1.547812500	
1.553187500	
1.558687500	
1.564187500	
1.569562500	
1.574750000	
1.580125000	
1.585812500	
1.591062500	
1.596312500	
1.601812500	
1.606937500	
1.612437500	
1.618125000	
1.623937500	
1.629625000	
1.636125000	
1.643250000	
1.766187500	
1.770687500	
1.775812500	
1.781250000	
1.786937500	
1.792000000	
1.797625000	
1.802875000	
1.808625000	
1.814312500	
1.819562500	
1.825187500	
1.830750000	
1.836562500	
1.841750000	
1.847687500	
1.853125000	
1.858750000	
1.864250000	
1.869875000	
1.875687500	
1.881312500	
1.887500000	
1.892937500	
1.898750000	
1.904437500	
1.909750000	
1.915500000	
1.921000000	
1.926687500	
1.932500000	
1.938312500	
1.944187500	
1.949562500	
1.955375000	
1.960937500	
1.966812500	
1.972250000	
1.978062500	
1.983625000	
1.989500000	
1.995000000	
2.000937500	
2.006625000	
2.012312500	
2.019250000	
2.025062500	
2.164187500	
2.170000000	
2.175562500	
2.181500000	
2.187125000	
2.193125000	
2.198750000	
2.204562500	
2.210437500	
2.216062500	
2.222375000	
2.228250000	
2.233812500	
2.239437500	
2.245437500	
2.250812500	
2.256687500	
2.262312500	
2.268312500	
2.274312500	
2.280062500	
2.286125000	
2.291437500	
2.297375000	
2.303250000	
2.309687500	
2.315062500	
2.320687500	
2.327062500	
2.333062500	
2.339125000	
2.345437500	
2.351562500	
2.357500000	
2.363625000	
2.369812500	
2.376375000	
2.382812500	
2.389437500	
2.397250000	
2.404125000	
2.411812500	
2.470250000	
2.475250000	
2.481375000	
2.486937500	
2.493000000	
2.498562500	
2.503875000	
2.509625000	
2.515437500	
2.521125000	
2.526937500	
2.532562500	
2.538500000	
2.544687500	
2.550625000	
2.556312500	
2.562062500	
2.568125000	
2.573937500	
2.580062500	
2.586062500	
2.592062500	
2.598062500	
2.603937500	
2.609875000	
2.615625000	
2.621812500	
2.627750000	
2.634062500	
2.640437500	
2.646500000	
2.657687500	
2.667562500	
2.674062500	
