0.240000000
0.245562500
0.251312500
0.256812500
0.262187500
0.267812500
0.273312500
0.278875000
0.284250000
0.289687500
0.295125000
0.300625000
0.306187500
0.311687500
0.317312500
0.322812500
0.328437500
0.333937500
0.339437500
0.345000000
0.350500000
0.356000000
0.361437500
0.366875000
0.372312500
0.377625000
0.383000000
0.388375000
0.393625000
0.398937500
0.404250000
0.409437500
0.414687500
0.419875000
0.425062500
0.430187500
0.435312500
0.440375000
0.445437500
0.450500000
0.455562500
0.460625000
0.465625000
0.470625000
0.475625000
0.480562500
0.485562500
0.490437500
0.495312500
0.500687500
0.505625000
0.511375000	
0.613875000
0.618625000
0.623250000
0.627937500
0.632687500
0.637375000
0.642125000
0.646875000
0.651687500
0.656500000
0.661312500
0.666187500
0.671000000
0.675875000
0.680812500
0.685687500
0.690562500
0.695437500
0.700375000
0.705312500
0.710312500
0.715562500
0.721125000
0.726687500
0.733062500
0.829937500
0.834875000
0.839687500
0.844562500
0.849375000
0.854250000
0.859125000
0.864062500
0.869000000
0.873937500
0.878875000
0.883875000
0.888812500
0.893750000
0.898812500
0.903875000
0.909375000
0.915562500	
0.991562500
0.996812500
1.002187500
1.007562500
1.013000000
1.018437500
1.023875000
1.029375000
1.034812500
1.040250000
1.045687500
1.051187500
1.056687500
1.062250000
1.067812500
1.073375000
1.078937500
1.084500000
1.090062500
1.095562500
1.101125000
1.106687500
1.112250000
1.117875000
1.123375000
1.128937500
1.134625000
1.140187500
1.145687500
1.151250000
1.156812500
1.162375000
1.167875000
1.173437500
1.179000000
1.184625000
1.190125000
1.195562500
1.201125000
1.206625000
1.212125000
1.217625000
1.223062500
1.228500000
1.233937500
1.239437500
1.244812500
1.250312500
1.255687500
1.261250000
1.266687500
1.272187500
1.277687500
1.283312500
1.288875000
1.294500000
1.300187500
1.305875000
1.311625000
1.317375000
1.323250000
1.329062500
1.334937500
1.340875000
1.346750000
1.352625000
1.358625000
1.364625000
1.370625000
1.376687500
1.382750000
1.388875000
1.395062500
1.401250000
1.407437500
1.413687500
1.420000000
1.426437500
1.432750000
1.439312500
1.446000000
1.452562500
1.459000000
1.465500000
1.472250000
1.478062500
1.485875000
1.491125000
1.498312500
1.503562500
1.509875000
1.515312500
1.521375000
1.528250000	
1.532875000
1.540812500	
1.546187500
1.552187500
1.558562500	
1.564687500	
1.571500000	
1.578375000	
1.585250000	
1.592000000	
1.599000000	
1.605250000
1.611312500
1.617937500
1.623937500
1.630125000
1.636187500
1.642312500
1.648375000
1.654562500
1.660687500
1.666812500
1.672937500
1.679000000
1.685125000
1.691187500
1.697312500
1.703437500
1.709500000
1.715687500
1.720687500
1.727375000
1.734062500
1.742125000	
1.749250000	
1.755875000	
1.762625000	
1.800875000
1.807812500
1.885062500
1.890812500
1.896375000
1.901875000
1.907500000
1.913000000
1.918625000
1.924125000
1.929687500
1.936562500
1.942125000
1.947625000
1.953125000
1.957250000
1.962875000
2.097125000
2.102625000
2.108750000
2.114187500
2.120750000
2.126437500
2.132562500
2.138750000
2.144812500
2.151062500
2.157437500
2.163625000
2.169750000
2.176250000
2.182437500
2.188812500
2.194687500
2.201187500
2.207187500
2.213312500
2.219375000
2.225500000
2.232437500	
2.239000000	
2.388312500
2.394812500
2.400187500
2.406187500
2.413000000	
2.418187500
2.424562500
2.431062500
2.437562500
2.445250000	
2.451562500	
2.458750000	
2.465187500	
2.472187500	
2.478937500	
2.485687500	
2.492312500	
2.497750000
2.504125000
2.510687500
2.517187500
2.523562500
2.529875000
2.536187500
2.542250000
2.548250000
2.555250000
2.561437500
2.567375000
2.573500000
2.579437500
2.586062500	
2.591937500	
2.719687500
2.725625000
2.731437500
2.737187500
2.743000000
2.748812500
2.754687500
2.760625000
2.766562500
2.772562500
2.778562500
2.784625000
2.790687500
2.796750000
2.802937500
2.809062500
2.815187500
2.821437500
2.827750000
2.833937500
2.840250000
2.846500000
2.852812500
2.859125000
2.865500000
2.871812500
2.878125000
2.884562500
2.890937500
2.897312500
2.903687500
2.910000000
2.916437500
2.922687500
2.929062500
2.935312500
2.941687500
2.948125000
2.954375000
2.960625000
2.966937500
2.974562500
2.981062500
2.987187500
2.993687500
3.000000000
3.006125000
3.012437500
3.018562500
3.025437500	
3.031687500
3.038250000
