0.227875000
0.233625000
0.239375000
0.245125000
0.250812500
0.256562500
0.262437500
0.268125000
0.273937500
0.279562500
0.285437500
0.291375000
0.297437500
0.303500000
0.309500000
0.315562500
0.321750000
0.327687500
0.333625000
0.339437500
0.345312500
0.351312500
0.357250000
0.363000000
0.368750000
0.374500000
0.380125000
0.385937500
0.391500000
0.397062500
0.402562500
0.408125000
0.413625000
0.418750000
0.423750000
0.429500000
0.435187500
0.441000000
0.446875000
0.452750000
0.458750000
0.464875000
0.470937500
0.477187500
0.483437500
0.489687500
0.496062500
0.502500000
0.508750000
0.515000000
0.520812500
0.526812500
0.532625000
0.538500000
0.544375000
0.550187500
0.556062500
0.561937500
0.567812500
0.573687500
0.579562500
0.585437500
0.591187500
0.597062500
0.603000000
0.608750000
0.614500000
0.620312500
0.626125000
0.631875000
0.637562500
0.643312500
0.649187500
0.655687500
0.661875000	
0.788062500
0.793937500
0.799625000
0.805500000
0.811750000
0.818062500
0.824375000
0.830937500
0.837500000
0.844187500
0.850937500
0.857812500
0.864375000	
0.905250000
0.911312500
0.916750000
0.922812500
0.928875000
0.935000000
0.941062500
0.947187500
0.953250000
0.959187500
0.965250000
0.970875000
0.977125000
0.983062500
0.989250000
0.995375000
1.001562500
1.008187500
1.014625000
1.021125000
1.027562500
1.033625000
1.039562500
1.045250000
1.050812500
1.056375000
1.061750000
1.067375000
1.072937500
1.078562500
1.084187500
1.089687500
1.095187500
1.100750000
1.106312500
1.111937500
1.117562500
1.123250000
1.128937500
1.134500000
1.140125000
1.146125000
1.151812500
1.157687500
1.163500000
1.169375000
1.175125000
1.181062500
1.186812500
1.192625000
1.198187500
1.204000000
1.209750000
1.216125000
1.221875000
1.228562500	
1.351750000
1.357375000
1.363250000
1.369375000
1.375562500
1.381750000
1.388062500
1.394312500
1.400562500
1.406937500
1.413250000
1.419687500
1.426125000
1.432500000
1.438812500
1.445312500
1.452250000	
