0.25012
0.25494
0.25981
0.26494
0.27025
0.27494
0.27994
0.28531
0.29019
0.29556
0.30012
0.30531
0.31044
0.31525
0.32031
0.32525
0.33056
0.33569
0.34044
0.34581
0.35094
0.35569
0.36075
0.36594
0.37088
0.37631
0.381
0.38581
0.39075
0.39569
0.40056
0.40525
0.41031
0.41494
0.41981
0.42494
0.43012
0.43531
0.44181
0.44744
0.45288
0.4585
0.46344
0.469
0.47463
0.48006
0.4855
0.49119
0.49631
0.50175
0.50687
0.51213
0.51719
0.52225
0.52769
0.53331
0.53894
0.54481
0.55119
0.55837
0.56388
0.595
0.60081
0.60569
0.61087
0.61631
0.62181
0.62706
0.63256
0.63775
0.64331
0.64869
0.65419
0.65931
0.66475
0.66988
0.67519
0.6805
0.68588
0.69106
0.69637
0.70156
0.70694
0.71231
0.71806
0.72325
0.72856
0.73413
0.73906
0.74975
0.75469
0.90563
0.91044
0.915
0.91994
0.92469
0.92969
0.93488
0.9405
0.94563
0.95131
0.95694
0.9625
0.96813
0.97344
0.97962
1.0062
1.0107
1.0154
1.0202
1.0251
1.03
1.0348
1.0398
1.0448
1.0498
1.0545
1.0599
1.0649
1.0699
1.0749
1.0799
1.0851
1.0903
1.0954
1.1006
1.1058
1.111
1.1163
1.1218
1.1272
1.133
1.1389
1.1448
1.1507
1.1566
1.1625
1.1684
1.1739
1.1795
1.1851
1.1908
1.196
1.2014
1.2072
1.2128
1.2183
1.2241
1.2292
1.2346
1.2399
1.2448
1.2501
1.4108
1.4164
1.4221
1.4275
1.4331
1.4383
1.4443
1.4498
1.4556
1.4613
1.4669
1.4726
1.4781
1.4836
1.4891
1.4951
1.5003
1.5056
1.511
1.5168
1.6681
1.6731
1.6783
1.6832
1.6887
1.6938
1.699
1.7044
1.7096
1.7149
1.72
1.7256
1.7309
1.7363
1.7412
1.7471
1.7521
1.7577
1.7628
1.7683
1.7736
1.7791
1.7843
1.7894
1.7947
1.8001
1.8051
1.8103
1.8157
1.8208
1.8259
1.8312
1.8366
1.8416
1.8468
1.8517
1.857
1.8623
1.8673
1.8725
1.878
1.8827
1.8884
1.894
1.8996
1.9056
1.9114
1.9176
1.9231
1.9309
1.97
1.9747
1.9801
1.9853
1.9908
1.9964
2.0014
2.0072
2.0126
2.0181
2.0239
2.029
2.0348
2.0405
2.046
2.0516
2.0572
2.0627
2.068
2.0735
2.0789
2.0847
2.0901
2.096
2.1018
2.1087
2.1676
2.1736
2.1793
2.1852
2.1906
2.1961
2.2018
2.2075
2.213
2.2186
2.2241
2.2299
2.2352
2.2409
2.2468
2.2523
2.2581
2.264
2.2698
2.2755
2.2814
2.2872
2.2937
2.3004
2.3081
2.3148
2.4344
2.4399
2.4451
2.4506
2.4561
2.4614
2.4671
2.4728
2.4786
2.4844
2.4902
2.496
2.5021
2.5079
2.5142
2.5202
2.5263
2.5318
2.5379
2.5433
2.5492
2.5547
2.5604
2.5661
2.5717
2.5772
2.5829
2.5888
2.5946
2.5999
2.6058
2.6117
2.6176
2.6237
2.6292
2.6352
2.6412
2.6468
2.6529
2.6587
2.6644
2.6706
2.6766
2.6824
2.6884
2.6941
2.7001
2.7056
2.7116
2.7176
2.7236
2.7294
2.7353
2.7413
2.7471
2.7531
2.7591
2.7651
2.7708
2.7769
2.7827
2.7887
2.7942
2.8007
2.8065
2.8123
2.8183
2.8241
2.8296
2.8358
2.8416
2.8477
2.8543
2.8601
2.8671
2.8719
