0.120250000	
0.223625000	
0.230062500
0.236437500
0.241312500	
0.247375000	
0.253125000	
0.258750000
0.264937500
0.270500000
0.276437500
0.281750000
0.287437500
0.292875000
0.298500000
0.303937500
0.309625000
0.315312500
0.320562500
0.325750000
0.331437500
0.336750000
0.342187500
0.347562500
0.352937500
0.358250000
0.363312500
0.368750000
0.373937500
0.379125000
0.384250000
0.389437500
0.394562500
0.399875000
0.405000000
0.410062500
0.415500000
0.420812500
0.426375000
0.432062500
0.437562500
0.443375000
0.448750000
0.454625000
0.541750000	
0.547125000
0.552312500
0.557750000
0.563062500
0.568500000
0.573937500
0.579500000
0.585000000
0.590562500
0.596187500
0.601687500
0.607625000
0.613312500
0.619125000
0.624500000
0.630187500
0.635937500
0.641875000
0.647750000
0.653625000
0.659500000
0.665437500
0.671437500
0.677500000
0.683437500
0.689437500
0.695562500
0.701625000
0.708000000
0.714187500
0.721125000
0.728187500	
0.772250000
0.777500000
0.783750000
0.789500000
0.795437500
0.801187500
0.807437500
0.813500000
0.819812500
0.826000000
0.831687500
0.837875000
0.844062500
0.849937500
0.855750000
0.862062500
0.868687500
0.875437500
0.882062500
0.888937500
0.896000000	
0.933125000
0.939062500
0.944500000
0.950500000
0.956250000
0.962125000
0.967812500
0.973500000
0.979250000
0.985250000
0.991000000
0.996812500
1.002687500
1.008750000
1.014375000
1.020062500
1.025875000
1.031750000
1.037562500
1.043250000
1.049125000
1.054875000
1.060750000
1.066625000
1.072500000
1.078437500
1.084250000
1.090500000
1.096562500
1.103375000
1.109937500
1.116812500
1.123500000	
1.149750000
1.155750000
1.161625000
1.167500000
1.174000000
1.180375000
1.186437500
1.192875000
1.199437500
1.205500000
1.212125000
1.218437500
1.225750000
1.231875000
1.238312500
1.245062500
1.251687500
1.258312500
1.264562500
1.270625000
1.277125000
1.283687500	
1.291062500	
1.465375000
1.472125000
1.478687500
1.485687500
1.492437500
1.499250000
1.505625000
1.512625000
1.519562500
1.525812500
1.532875000
1.539750000
1.546687500
1.552437500
1.559312500
1.566125000
1.573187500
1.580687500
1.586937500
1.593875000
1.600625000
1.608000000
1.614500000
1.621750000
1.628250000
1.635937500
1.643187500
1.649937500
1.656875000
1.663187500
1.669937500
1.677125000
1.683250000
1.689562500
1.696375000	
1.704562500	
