0.226375000
0.231250000
0.236187500
0.241312500
0.246250000
0.251312500
0.256250000
0.261250000
0.266125000
0.271125000
0.276000000
0.280812500
0.285687500
0.290562500
0.295375000
0.300312500
0.305125000
0.310062500
0.315000000
0.319937500
0.324937500
0.330062500
0.335187500
0.340312500
0.345437500
0.350500000
0.355500000
0.360437500
0.365312500
0.370062500
0.374812500
0.379500000
0.384000000
0.388687500
0.393187500
0.397750000
0.402375000
0.406937500
0.411500000
0.416000000
0.420625000
0.425187500
0.429750000
0.434250000
0.438937500
0.443687500
0.448625000
0.453687500
0.458875000
0.464125000
0.469500000
0.474875000
0.480437500
0.485875000
0.491375000
0.496937500
0.502250000
0.507750000
0.513250000
0.518937500
0.524625000
0.530250000
0.536437500
0.542187500
0.548187500
0.554000000
0.559875000
0.565625000
0.571312500
0.576875000
0.582375000
0.587812500
0.593312500
0.598750000
0.604187500
0.609687500
0.615250000
0.620750000
0.626375000
0.631937500
0.637500000
0.643062500
0.648625000
0.654125000
0.659625000
0.665062500
0.670437500
0.675375000
0.681312500
0.685750000
0.691062500
0.696312500
0.702000000
0.707625000
0.825500000
0.831750000
0.837187500
0.842937500
0.848687500
0.854562500
0.860250000
0.866000000
0.871750000
0.877500000
0.883312500
0.889187500
0.895062500
0.901000000
0.906937500
0.912875000
0.918875000
0.924812500
0.930750000
0.936750000
0.942625000
0.948375000
0.954187500
0.959812500
0.965937500
0.971687500
0.977437500
0.982875000
0.988312500
0.994250000	
1.087562500
1.093625000
1.099312500
1.105187500
1.111125000
1.117062500
1.123062500
1.128812500
1.135125000
1.140812500
1.147062500
1.153125000
1.159187500
1.165312500
1.171437500
1.177437500
1.183562500
1.189625000
1.195687500
1.201875000
1.208250000
1.214187500
1.220312500
1.226250000
1.232187500
1.238312500
1.244312500
1.250437500
1.257250000
1.263312500
1.269187500	
1.276937500	
1.376937500
1.383500000
1.388562500
1.395187500
1.401500000
1.407812500
1.414250000
1.420875000
1.427375000
1.434000000
1.440687500
1.447437500
1.454000000
1.460437500
1.466812500
1.472875000
1.478875000
1.484812500
1.490625000
1.496312500
1.502437500
1.508500000
1.514937500
1.521312500
1.527875000
1.534250000
1.540812500
1.547437500
1.554125000
1.560875000
1.567562500
1.574250000
1.580937500
1.587500000
1.593875000
1.600125000
1.606312500
1.612687500
1.618812500
1.624937500
1.631250000
1.637625000
1.644000000
1.650437500
1.656750000
1.663062500
1.669562500
1.676125000
1.682625000
1.689062500
1.695625000
1.702312500
1.708750000
1.715312500
1.721875000
1.728562500
1.735125000
1.741750000
1.748375000
1.755062500
1.761812500
1.768500000
1.775250000
1.781875000
1.788687500
1.795500000
1.802312500
1.809187500
1.815937500
1.822687500
1.829375000
1.836250000
1.843000000
1.849875000
1.856625000
1.863312500
1.870187500
1.877000000
1.883687500
1.890437500
1.897187500
1.903062500
1.910625000
1.916875000	
1.923750000	
1.930562500	
