0.238062500
0.243625000
0.253875000
0.259062500
0.264500000
0.269875000
0.275250000
0.280500000
0.285750000
0.290937500
0.296125000
0.301250000
0.306375000
0.311500000
0.316625000
0.321687500
0.326812500
0.331875000
0.337000000
0.342062500
0.347187500
0.352312500
0.357500000
0.362687500
0.367875000
0.373125000
0.378312500
0.383625000
0.388875000
0.394125000
0.399437500
0.404812500
0.410187500
0.415562500
0.420937500
0.426375000
0.431812500
0.437312500
0.442812500
0.448312500
0.453875000
0.459500000
0.465187500
0.470937500
0.476812500
0.482687500
0.488625000
0.494562500
0.500562500
0.506500000
0.512375000
0.518125000
0.523750000
0.529187500
0.534625000
0.540000000
0.545437500
0.551062500
0.556625000
0.562312500
0.568000000
0.573687500
0.579375000
0.585062500
0.590750000
0.596375000
0.602062500
0.607625000
0.613250000
0.618875000
0.624437500
0.629937500
0.635500000
0.641062500
0.646562500
0.652062500
0.657437500
0.662875000
0.668250000
0.673562500
0.678937500
0.684187500
0.689375000
0.694562500
0.699812500
0.704937500
0.710062500
0.715187500
0.720375000
0.725375000
0.730437500
0.735562500
0.740562500
0.745625000
0.750562500
0.755687500
0.760625000
0.765625000
0.770500000
0.775437500
0.780312500
0.785312500
0.790187500
0.795062500
0.799937500
0.804875000
0.809812500
0.814750000
0.819687500
0.824625000
0.829625000
0.834625000
0.839562500
0.844562500
0.849562500
0.854562500
0.859562500
0.864625000
0.869875000
0.875437500
0.880937500
0.886500000
0.892187500
0.898000000
0.903937500
0.910812500	
0.991062500
0.996437500
1.001875000
1.007187500
1.012500000
1.017812500
1.023250000
1.028625000
1.034125000
1.039562500
1.045000000
1.050625000
1.056187500
1.061687500
1.067312500
1.072812500
1.078312500
1.083750000
1.089312500
1.094875000
1.100437500
1.106000000
1.111562500
1.117187500
1.122750000
1.128250000
1.133812500
1.139500000
1.144937500
1.150500000
1.156062500
1.161687500
1.167187500
1.172750000
1.178250000
1.183875000
1.189437500
1.194937500
1.200437500
1.206000000
1.211625000
1.217312500
1.223062500
1.229125000
1.235187500
1.241187500
1.247625000
1.253500000
1.260687500
1.265812500
1.272000000
1.280812500
1.286750000	
1.464375000
1.469687500
1.474875000
1.480250000
1.485687500
1.491187500
1.496687500
1.502250000
1.507875000
1.513437500
1.519125000
1.524687500
1.530375000
1.536000000
1.541562500
1.547375000
1.553000000
1.558625000
1.564375000
1.570062500
1.575812500
1.581625000
1.587437500
1.593062500
1.598875000
1.604750000
1.610375000
1.616187500
1.621937500
1.627687500
1.633375000
1.639062500
1.644750000
1.650375000
1.656125000
1.661750000
1.667437500
1.673125000
1.678812500
1.684500000
1.690125000
1.695750000
1.701375000
1.707062500
1.712750000
1.718437500
1.724250000
1.730187500
1.736312500
1.742562500
1.749187500
1.755062500
1.835187500
1.840187500
1.846062500
1.851562500
1.857250000
1.862750000
1.868500000
1.874250000
1.880125000
1.886125000
1.892187500
1.898312500
1.904437500
1.910625000
1.916875000
1.923125000
1.929500000
1.935875000
1.942250000
1.948625000
1.955125000
1.961437500
1.967625000
1.973500000
1.979312500
1.984937500
1.990500000
1.996000000
2.001625000
2.007375000
2.013937500
2.019875000
2.025750000
2.165312500
2.170750000
2.176375000
2.182062500
2.187750000
2.193437500
2.199187500
2.204875000
2.210687500
2.216500000
2.222437500
2.228250000
2.234312500
2.240187500
2.246312500
2.252312500
2.258312500
2.264437500
2.270500000
2.276687500
2.282875000
2.289062500
2.295187500
2.301500000
2.307750000
2.313937500
2.320250000
2.326500000
2.332812500
2.338937500
2.345187500
2.351312500
2.357437500
2.363937500
2.370062500
2.376250000
2.383500000
2.389562500
2.395625000
2.401750000
2.408125000	
2.414125000	
2.420687500	
2.426437500	
