0.232562500
0.237375000
0.242125000
0.247125000
0.252000000
0.257000000
0.261937500
0.266937500
0.271937500
0.276937500
0.281875000
0.286812500
0.291812500
0.296750000
0.301687500
0.306812500
0.418250000
0.422562500
0.426750000
0.431125000
0.435437500
0.439750000
0.444062500
0.448375000
0.452750000
0.457062500
0.461375000
0.465687500
0.470062500
0.474437500
0.478750000
0.483125000
0.487500000
0.491937500
0.496437500
0.501000000
0.505437500
0.510062500
0.514687500
0.519500000
0.524312500
0.529312500
0.534500000
0.539812500
0.545000000
0.550437500
0.556000000
0.561500000
0.567125000
0.572687500
0.578375000
0.584062500
0.589812500
0.595375000
0.601000000
0.606562500
0.612250000
0.617625000
0.623187500
0.628500000
0.633812500
0.639062500
0.644250000
0.649375000
0.654625000
0.660187500
0.665625000	
0.836500000
0.842250000
0.847875000
0.853500000
0.859062500
0.864437500
0.870125000
0.875562500
0.881250000
0.886687500
0.892437500
0.898000000
0.903562500
0.909312500
0.915125000
0.921250000
0.927500000
0.934375000	
0.941187500	
0.978062500	
0.983937500
0.989875000
0.996000000
1.001687500
1.007562500
1.013312500
1.019000000
1.024937500
1.030687500
1.036625000
1.042437500
1.048187500
1.054000000
1.059625000
1.065500000
1.071312500
1.077125000
1.083062500
1.089062500
1.094937500
1.101000000
1.107375000
1.113937500	
1.120125000	
1.126812500
1.133250000
1.139375000
1.145562500
1.151625000
1.157687500
1.163687500
1.169937500
1.176375000
1.182750000
1.189125000
1.195625000
1.201875000
1.208437500
1.214750000
1.220750000
1.226687500
1.232937500
1.238687500
1.244750000
1.250687500
1.256937500
1.262875000
1.268812500
1.274500000
1.280250000
1.285875000	
1.291312500	
1.296750000
1.302437500
1.307812500
1.313875000	
1.481625000
1.486750000
1.492062500
1.497375000
1.502687500
1.508125000
1.513500000
1.518812500
1.524375000
1.529812500
1.535250000
1.540562500
1.546062500
1.551625000
1.557062500
1.562562500
1.568000000
1.573500000
1.578937500
1.584375000
1.589812500
1.595312500
1.600750000
1.606000000
1.611437500
1.616812500
1.622312500
1.627562500
1.632875000
1.638187500
1.643562500
1.648750000
1.654062500
1.659312500
1.664750000
1.670062500
1.675562500
1.680937500
1.686375000
1.691625000
1.697250000
1.702625000
1.708125000
1.713625000
1.719375000
1.725000000
1.730687500
1.736500000
1.742187500
1.748062500
1.754000000
1.759750000
1.765500000
1.771500000
1.777312500
1.783000000
1.788750000
1.794500000
1.800250000
1.806125000
1.811937500
1.817625000	
1.823500000	
1.829125000	
1.834875000	
1.840750000	
1.846687500	
1.968312500
1.973625000
1.979000000
1.984375000
1.989875000
1.995375000
2.000875000
2.006375000
2.011875000
2.017562500
2.023125000
2.028750000
2.034375000
2.040187500
2.046062500
2.051937500
2.057812500
2.063812500
2.069875000
2.075937500
2.082000000
2.088062500
2.094250000
2.100562500
2.107000000
2.113375000
2.119687500	
2.126812500	
2.134562500	
2.141000000	
2.189812500	
2.196187500
2.202500000
2.208875000
2.215250000
2.221500000
2.228000000
2.234250000
2.240500000
2.246687500
2.252875000
2.259062500
2.265312500
2.271437500
2.277812500
2.284062500	
2.290687500	
2.296625000	
2.302625000	
2.309187500
2.315375000
2.321437500
2.327687500
2.334062500
2.340312500
2.346625000
2.353125000
2.359437500
2.365750000
2.372125000
2.378437500
2.384562500
2.391000000
2.397250000	
2.403625000
2.409937500
2.416125000
2.422562500
2.428875000
2.435187500
2.441625000
2.447687500
2.454062500
2.460250000
2.466500000
2.472687500
2.478812500
2.484937500
2.491000000
2.497062500
2.502937500
2.508937500	
2.514625000	
2.520875000	
2.526562500	
2.532500000	
2.538375000
2.544062500	
2.550187500
2.556250000	
2.562875000	
2.568875000	
2.627500000
2.632812500
2.638500000
2.644125000
2.649687500
2.655437500
2.661125000
2.667062500
2.673125000
2.679312500
2.685250000	
2.691250000	
2.697812500	
2.704125000	
2.732375000	
2.737875000
2.743625000
2.749500000
2.755562500
2.761250000
2.766875000
2.772500000
2.778187500
2.783875000
2.789500000
2.795125000
2.800875000
2.806625000
2.812187500
2.817937500
2.823687500
2.829312500
2.835125000
2.840937500
2.846687500
2.852500000
2.858312500
2.864125000
2.870062500
2.875937500
2.881687500
2.887750000
2.893687500
2.899562500
2.905687500
2.911687500
2.917750000
2.923875000
2.930062500
2.936312500	
2.943000000	
2.949062500	
2.955500000	
2.960687500	
2.968187500	
2.973937500	
2.980562500
2.986875000	
2.992937500	
2.998937500	
3.005187500	
3.011562500	
3.018187500	
3.024375000	
3.030562500	
3.036375000	
3.042750000	
3.049687500	
3.055562500	
3.062125000	
3.068437500	
3.074875000	
3.081312500	
3.087375000	
3.093937500	
3.100187500	
3.106625000	
3.113000000	
3.119062500	
3.125937500	
3.132312500	
3.138562500	
3.144687500	
3.151312500	
3.157687500	
3.164250000	
3.170625000	
3.177000000	
3.183562500	
3.189562500	
3.196687500	
3.202687500	
3.209437500	
3.215937500	
3.222250000	
3.228125000	
3.234687500	
3.241437500	
3.247562500	
3.253437500	
3.260562500	
