0.109750000
0.237250000
0.241875000
0.247000000
0.251937500
0.257062500
0.262187500
0.267250000
0.272500000
0.277562500
0.282750000
0.288000000
0.293250000
0.298312500
0.303562500
0.308812500
0.314125000
0.319500000
0.324875000
0.330250000
0.335687500
0.341125000
0.346562500
0.352187500
0.357687500
0.363187500
0.368812500
0.374437500
0.380125000
0.385875000
0.391687500
0.397500000
0.403375000
0.409187500
0.415000000
0.420875000
0.426625000
0.432437500
0.438187500
0.444062500
0.449875000
0.455500000
0.461250000
0.467125000
0.598625000
0.603187500
0.608062500
0.613000000
0.618000000
0.622937500
0.627937500
0.632875000
0.637875000
0.642875000
0.647937500
0.653062500
0.658312500
0.663687500
0.669250000
0.674937500
0.680687500
0.686500000
0.692250000
0.698187500
0.703687500
0.709125000
0.714375000
0.719437500
0.724437500
0.729437500
0.734437500
0.739500000
0.744687500
0.750000000
0.755437500
0.761125000
0.767000000
0.773062500
0.779375000
0.818937500
0.823625000
0.828937500
0.834375000
0.839875000
0.845375000
0.851062500
0.856750000
0.862437500
0.868312500
0.874187500
0.880062500
0.886062500
0.892062500
0.898000000
0.904062500
0.910125000
0.916187500
0.922312500
0.928375000
0.934437500
0.940437500
0.946562500
0.952625000
0.958687500
0.964750000
0.970812500
0.976812500
0.982875000
0.988937500
0.994937500
1.000812500
1.006875000
1.012812500
1.106062500
1.113937500
1.147500000
1.154500000
1.160312500
1.166312500
1.172187500
1.345687500
1.350375000
1.356062500
1.361750000
1.367562500
1.373500000
1.379500000
1.385437500
1.391437500
1.397500000
1.403625000
1.409625000
1.415625000
1.421687500
1.427750000
1.433750000
1.439812500
1.445812500
1.451875000
1.458000000
1.464062500
1.470062500
1.476062500
1.482062500
1.488000000
1.493937500
1.500000000
1.506250000
1.512812500
1.519312500
1.526125000
1.569500000
1.575562500
1.581312500
1.587437500
1.593375000
1.599250000
1.605062500
1.610937500
1.616750000
1.622625000
1.628500000
1.634312500
1.640187500
1.646062500
1.652000000
1.658250000
1.664687500
1.671437500
1.723187500
1.729437500
1.735562500
1.741812500
1.748000000
1.754187500
1.760312500
1.766625000
1.772937500
1.779187500
1.785437500
1.791750000
1.798062500
1.804312500
1.810625000
1.816937500
1.823250000
1.829500000
1.835750000
1.842000000
1.848187500
1.854375000
1.860625000
1.866875000
1.873187500
1.879500000
1.885812500
1.892312500
1.899125000
1.905937500
1.913062500
1.920875000
1.983687500
1.989437500
1.995437500
2.001437500
2.007437500
2.013437500
2.019500000
2.025562500
2.031562500
2.037687500
2.043812500
2.049937500
2.056062500
2.062312500
2.068812500
2.075312500
2.082750000
2.138937500
2.145187500
2.151625000
2.158125000
2.164562500
2.171187500
2.177750000
2.184437500
2.191125000
2.197750000
2.204375000
2.211000000
2.217687500
2.224375000
2.231062500
2.237750000
2.244437500
2.251125000
2.257812500
2.264562500
2.271312500
2.278062500
2.284812500
2.291562500
2.298187500
2.304937500
2.311625000
2.318312500
2.325062500
2.331812500
2.338500000
2.345250000
2.352000000
2.358812500
2.365562500
2.372375000
2.379062500
2.385875000
2.392687500
2.399562500
2.406250000
2.413187500
2.420125000
2.427000000
2.432937500
2.439437500
