0.229000000	
0.233500000	
0.237875000	
0.242250000	
0.246812500	
0.251250000	
0.255875000	
0.260312500	
0.264875000	
0.269625000	
0.274375000	
0.279125000	
0.284375000	
0.289625000	
0.295312500	
0.300437500	
0.306000000	
0.311750000	
0.317375000	
0.323125000	
0.328437500	
0.334000000	
0.338687500	
0.343250000	
0.348125000	
0.353187500	
0.357812500	
0.362562500	
0.367625000	
0.372625000	
0.377937500	
0.383312500	
0.389250000	
0.395000000	
0.400812500	
0.407000000	
0.413125000	
0.419375000	
0.425000000	
0.431062500	
0.436875000	
0.442875000	
0.447437500	
0.452312500	
0.457812500	
0.463000000	
0.468000000	
0.473500000	
0.478875000	
0.483937500	
0.489125000	
0.494937500	
0.500250000	
0.505937500	
0.511125000	
0.516750000	
0.522187500	
0.527687500	
0.533437500	
0.539125000	
0.544375000	
0.549875000	
0.555750000	
0.561187500	
0.566750000	
0.572750000	
0.578437500	
0.584000000	
0.589875000	
0.595312500	
0.600750000	
0.606250000	
0.612187500	
0.617625000	
0.623062500	
0.628312500	
0.633812500	
0.639000000	
0.644437500	
0.649562500	
0.654937500	
0.659937500	
0.665250000	
0.670500000	
0.675687500	
0.680750000	
0.685875000	
0.691250000	
0.696937500	
0.766312500	
0.771375000	
0.776250000	
0.781375000	
0.786500000	
0.791625000	
0.796812500	
0.802500000	
0.913812500	
0.918500000	
0.923937500	
0.929687500	
0.934937500	
0.940187500	
0.945875000	
0.951625000	
0.957187500	
0.963062500	
0.968500000	
0.974187500	
0.979937500	
0.985687500	
0.991437500	
0.997187500	
1.002625000	
1.008375000	
1.014062500	
1.019500000	
1.025250000	
1.031062500	
1.036625000	
1.042375000	
1.048125000	
1.053812500	
1.059437500	
1.065125000	
1.071125000	
1.076562500	
1.082437500	
1.088250000	
1.093562500	
1.099000000	
1.105062500	
1.110437500	
1.116000000	
1.122000000	
1.127500000	
1.133125000	
1.138500000	
1.144187500	
1.149500000	
1.154937500	
1.160250000	
1.166125000	
1.171500000	
1.177437500	
1.183375000	
1.189437500	
1.195562500	
1.201875000	
1.208250000	
1.215000000	
1.221312500	
1.227437500	
1.232875000	
1.238812500	
1.244500000	
1.250187500	
1.255625000	
1.261187500	
1.266875000	
1.272625000	
1.278687500	
1.285375000	
1.396562500	
1.402062500	
1.407500000	
1.413125000	
1.418937500	
1.425000000	
1.431187500	
1.437500000	
1.444500000	
1.451625000	
1.462000000	
1.475500000	
1.596062500	
1.601750000	
1.607250000	
1.612750000	
1.618187500	
1.624000000	
1.629750000	
1.635125000	
1.640875000	
1.646687500	
1.652500000	
1.658437500	
1.664187500	
1.670312500	
1.676062500	
1.681687500	
1.687312500	
1.693250000	
1.699687500	
1.705312500	
1.711000000	
1.716687500	
1.722750000	
1.728500000	
1.734375000	
1.740250000	
1.746500000	
1.752625000	
1.759000000	
1.858312500	
1.863875000	
1.869250000	
1.875062500	
1.880687500	
1.886437500	
1.892062500	
1.897937500	
1.904062500	
1.910125000	
1.916437500	
1.923187500	
1.929125000	
1.936812500	
2.000812500	
2.007000000	
2.012875000	
2.018562500	
2.024625000	
2.030187500	
2.035937500	
2.041437500	
2.047375000	
2.053312500	
2.059500000	
2.065875000	
2.072375000	
2.079000000	
2.086312500	
2.093250000	
2.099875000	
2.134125000	
2.139937500	
2.145687500	
2.151250000	
2.157375000	
2.163250000	
2.169062500	
2.175312500	
2.181437500	
2.187375000	
2.193375000	
2.199750000	
2.205875000	
2.212062500	
2.218437500	
2.225062500	
2.231125000	
2.237625000	
2.243625000	
2.250000000	
2.256250000	
2.262687500	
2.268750000	
2.275062500	
2.281375000	
2.288062500	
2.294437500	
2.300687500	
2.307250000	
2.313687500	
2.320000000	
2.326437500	
2.332750000	
2.339500000	
2.346187500	
2.352500000	
2.358937500	
2.365312500	
2.371500000	
2.378125000	
2.384625000	
2.391125000	
2.397500000	
2.403750000	
2.410000000	
2.416437500	
2.423125000	
2.429625000	
2.436500000	
2.444687500	
2.451250000	
2.458000000	
2.464875000	
