0.223687500
0.228625000
0.233750000
0.238812500
0.243937500
0.249062500
0.254187500
0.259312500
0.264437500
0.269625000
0.274875000
0.280125000
0.285375000
0.290750000
0.349187500
0.354312500
0.359375000
0.364375000
0.369437500
0.374500000
0.379625000
0.384750000
0.389875000
0.395062500
0.400187500
0.405312500
0.410437500
0.415625000
0.420812500
0.426125000
0.593250000
0.597625000
0.602187500
0.606875000
0.611625000
0.616312500
0.621062500
0.625750000
0.630562500
0.635250000
0.640062500
0.644812500
0.649687500
0.654437500
0.659250000
0.664125000
0.669000000
0.673812500
0.678750000
0.683625000
0.688500000
0.693312500
0.698312500
0.703125000
0.707937500
0.712812500
0.717750000
0.722687500
0.727500000
0.732375000
0.737250000
0.742062500
0.747000000
0.751812500
0.756687500
0.761562500
0.766375000
0.771250000
0.776125000
0.780937500
0.785750000
0.790625000
0.795500000
0.800375000
0.805250000
0.810125000
0.815062500
0.820062500
0.825062500
0.830062500
0.835125000
0.840312500
0.845500000
0.850750000
0.856250000
0.861750000
0.867187500
0.872687500
0.878187500
0.883562500
0.889062500
0.894375000
0.899812500
0.905250000
0.910562500
0.916000000
0.921250000
0.926625000
0.932000000
0.937375000
0.942750000
0.948062500
0.953500000
0.958937500
0.964312500
0.970062500
0.975812500
0.981875000
0.987937500
0.994125000
1.000250000
1.006437500
1.012437500
1.018375000
1.024187500
1.029812500
1.035437500
1.040937500
1.046625000
1.052250000
1.057875000
1.063562500
1.069187500
1.074875000
1.080312500
1.086062500
1.091937500
1.097312500
1.102937500
1.108750000
1.114437500
1.120062500
1.126000000
1.131625000
1.137625000
1.143500000
1.149812500
1.156187500
1.162687500
1.169250000
1.175812500
1.182062500
1.188125000
1.194187500
1.200062500
1.206062500
1.211937500
1.218000000
1.223875000
1.229812500
1.236000000
1.242812500
1.248375000
1.254750000
1.260937500
1.266875000
1.271875000
1.278812500
1.283125000
1.288812500
1.462437500
1.467875000
1.473312500
1.478875000
1.484437500
1.489937500
1.495500000
1.501062500
1.506625000
1.512187500
1.517812500
1.523375000
1.528937500
1.534500000
1.540000000
1.545562500
1.551125000
1.557000000
1.562625000
1.568500000
1.574625000
1.581625000	
1.708000000
1.713312500
1.718687500
1.724187500
1.729687500
1.735312500
1.740937500
1.746562500
1.752250000
1.758000000
1.763750000
1.769562500
1.775312500
1.781125000
1.786937500
1.792750000
1.798562500
1.804437500
1.810312500
1.816187500
1.822062500
1.828000000
1.833875000
1.839812500
1.845687500
1.851562500
1.857500000
1.863125000
1.869000000
1.874875000
1.880562500
1.886625000
1.892500000
1.898375000
1.904125000
1.910125000
1.916750000
1.922500000
1.927687500
1.933875000
1.939625000
1.945750000
1.951562500
1.957687500
1.963562500
1.969625000
1.975375000
1.981312500
1.987250000
1.993187500
1.999062500
2.005000000
2.010687500
2.016875000
2.022687500
2.029562500
2.034625000
2.040562500
2.046312500
2.052375000
2.058625000
2.064187500
2.070312500
2.076500000
2.082687500
2.089125000
2.095875000
2.100812500
2.107687500
2.113562500
2.119562500
2.125937500
2.131687500
2.137750000
2.143875000
2.150187500
2.156062500
2.162187500
2.168062500
2.174125000
2.180187500
2.186187500
2.192312500
2.198125000
2.204312500
2.210437500
2.216500000
2.222625000
2.228625000
2.234875000
2.241125000
2.247375000
2.253500000
2.259687500
2.265875000
2.271937500
2.413250000
2.419937500
2.426125000
2.432625000
2.438812500
2.445312500
2.451437500
2.457750000	
2.464500000	
2.471500000	
2.478312500	
2.484875000	
2.491875000	
2.498562500	
2.505500000	
2.512625000	
2.519250000	
2.526125000	
2.532875000	
2.539375000	
2.546437500	
2.553000000	
2.559500000	
2.566937500	
2.572312500
2.579062500
2.585500000
2.591937500
2.598875000
2.605062500
2.611312500
2.617375000
2.623500000
2.629812500
2.636062500
2.642500000
2.648687500
2.655687500
2.663125000
2.671437500
2.680375000	
2.690500000	
2.700875000	
2.712562500
2.720062500
2.725562500
2.732125000
2.737750000
2.743375000
2.749250000
2.755562500
2.762750000
2.768750000
2.775187500
2.781625000
2.788062500
2.794625000
2.801062500
2.807562500
2.814062500
2.820625000
2.827312500
2.833812500
2.840250000
2.847000000
2.853500000
2.860125000
2.866750000
2.873375000
2.879937500
2.886562500
2.893312500
2.899875000
2.906250000
2.912500000
2.919250000
2.925875000
2.932375000
2.938750000
2.945312500
2.951687500
2.958250000
2.964687500
2.970937500
2.976500000
2.983000000
2.989875000
2.996562500
