0.224625000
0.229750000
0.235125000
0.240562500
0.246000000
0.251375000
0.256750000
0.262125000
0.267500000
0.272812500
0.278125000
0.283375000
0.288625000
0.293812500
0.299062500
0.304250000
0.309437500
0.314625000
0.319812500
0.325000000
0.330187500
0.335437500
0.340625000
0.345937500
0.351625000
0.358062500
0.505250000
0.510375000
0.515500000
0.520687500
0.525937500
0.531187500
0.536437500
0.541812500
0.547125000
0.552500000
0.557937500
0.563437500
0.568812500
0.574437500
0.579937500
0.585500000
0.591312500
0.596875000
0.602625000
0.608250000
0.614312500
0.619875000
0.625875000
0.631687500
0.637312500
0.643250000
0.649000000
0.654875000
0.660562500
0.666500000
0.672250000
0.678187500
0.684187500
0.690125000
0.696187500
0.702250000
0.708687500
0.715062500
0.721625000
0.728937500
0.743812500
0.789375000
0.795312500
0.801250000
0.806875000
0.812500000
0.817812500
0.823250000
0.828625000
0.834062500
0.839500000
0.844937500
0.850500000
0.855937500
0.861500000
0.867000000
0.872625000
0.878187500
0.883750000
0.889437500
0.895125000
0.900812500
0.906375000
0.912125000
0.917812500
0.923625000
0.929375000
0.935187500
0.940937500
0.946750000
0.952562500
0.958250000
0.964000000
0.969625000
0.975250000
0.980937500
0.986500000
0.992125000
0.997625000
1.003312500
1.008812500
1.014437500
1.020000000
1.025625000
1.031687500
1.163687500
1.168562500
1.173562500
1.178562500
1.183500000
1.188500000
1.193562500
1.198625000
1.203875000
1.209000000
1.214687500
1.220562500
1.314812500
1.320000000
1.325375000
1.330875000
1.336312500
1.341812500
1.347312500
1.352812500
1.358500000
1.364187500
1.369937500
1.375625000
1.381312500
1.387062500
1.392875000
1.398750000
1.404500000
1.410437500
1.416250000
1.422125000
1.428062500
1.434062500
1.440250000
1.446000000
1.452125000
1.458062500
1.464187500
1.470187500
1.476250000
1.482375000
1.488562500
1.494687500
1.500812500
1.506937500
1.513000000
1.519062500
1.525000000
1.530937500
1.536875000
1.542437500	
1.548125000	
1.554062500	
1.560437500	
1.566687500	
1.713062500
1.717000000
1.723812500
1.729375000
1.734875000
1.740312500
1.745875000
1.751375000
1.756937500
1.762562500
1.768250000
1.773937500
1.779562500
1.785687500
1.791312500
1.797187500
1.803187500
1.809125000
1.815000000
1.821062500
1.827125000
1.833375000
1.839375000
1.845625000
1.851937500
1.858375000
1.864687500
1.871062500
1.877500000
1.883687500
1.890062500
1.896500000
1.902812500
1.909375000
1.915687500
1.922062500
1.928500000
1.934875000
1.941375000
1.947937500
1.954437500
1.961000000
1.967625000
1.973875000
1.981187500	
1.988062500	
1.995250000	
2.001250000	
