0.22938
0.23425
0.239
0.24394
0.24881
0.25369
0.25844
0.26338
0.26819
0.27294
0.27787
0.28281
0.28763
0.29281
0.29794
0.30331
0.30856
0.31394
0.31931
0.32488
0.33037
0.33587
0.34125
0.34675
0.35181
0.35688
0.36238
0.36775
0.37244
0.37731
0.38219
0.38744
0.39225
0.39737
0.40237
0.40744
0.41231
0.41781
0.42331
0.42844
0.43406
0.43931
0.44531
0.45094
0.45669
0.46231
0.468
0.47431
0.47963
0.48531
0.49106
0.49669
0.50187
0.50769
0.51356
0.51931
0.52506
0.53081
0.537
0.54281
0.54856
0.55412
0.55988
0.56563
0.57125
0.5765
0.58144
0.58656
0.592
0.59719
0.60194
0.60688
0.61181
0.61669
0.62187
0.62669
0.63131
0.63644
0.64119
0.64606
0.65081
0.65556
0.66012
0.66487
0.66956
0.67456
0.67931
0.68394
0.68875
0.69337
0.69806
0.70281
0.70756
0.71231
0.71719
0.72194
0.72681
0.73162
0.73669
0.74156
0.74631
0.75144
0.75675
0.762
0.76775
0.7735
0.77875
0.78406
0.78919
0.79444
0.79944
0.80481
0.80975
0.81519
0.8205
0.82594
0.83144
0.83631
0.84213
0.84737
0.8515
0.85844
0.86406
0.87075
0.87725
0.88287
0.88944
0.89712
0.90138
0.90744
0.91294
0.91894
0.9245
0.92994
0.93563
0.94112
0.94688
0.952
0.95825
0.96394
0.96962
0.9755
0.981
0.98619
0.99175
0.998
1.0037
1.0096
1.0151
1.0209
1.0268
1.0324
1.0385
1.0442
1.0501
1.0559
1.0617
1.0676
1.0733
1.0791
1.0851
1.0909
1.0967
1.1025
1.1083
1.1142
1.1199
1.1259
1.1318
1.1375
1.1434
1.1493
1.1549
1.1609
1.1666
1.1726
1.1783
1.1841
1.1901
1.1958
1.2014
1.2075
1.2131
1.2189
1.2251
1.2305
1.2366
1.242
1.2483
1.254
1.2586
1.2651
1.2712
1.2771
1.2828
1.2885
1.2944
1.3006
1.3066
1.3124
1.3186
1.3247
1.3312
1.3367
1.3424
1.3486
1.3544
1.3604
1.3664
1.3723
1.3782
1.3842
1.3903
1.3962
1.4021
1.4081
1.4142
1.4196
1.4259
1.4319
1.4378
1.4439
1.4489
1.4559
1.4616
1.4694
1.4753
1.4809
1.4864
