0.219000000
0.224937500
0.230687500	
0.236562500
0.242125000
0.247750000
0.253875000
0.259375000
0.265250000
0.270875000
0.276687500
0.282187500
0.287875000
0.293375000
0.299125000
0.304562500
0.310062500
0.315562500
0.321062500
0.326312500
0.331750000
0.337062500
0.342250000
0.347500000
0.352750000
0.358437500
0.514625000
0.520562500
0.526562500
0.532562500
0.538812500
0.544812500
0.551125000
0.557312500
0.563562500
0.569625000
0.576062500
0.582375000
0.588562500
0.595125000
0.601437500
0.607937500
0.614437500
0.621062500
0.627812500
0.634187500
0.641062500
0.647750000
0.654250000
0.660625000
0.667250000
0.673625000
0.680500000
0.686875000
0.693437500
0.699812500
0.706312500
0.712812500
0.719312500
0.725875000
0.732562500
0.738625000
0.744937500
0.751250000	
0.757437500	
0.764000000	
0.769375000	
0.988562500
0.994062500
0.999500000
1.005187500
1.010562500
1.016125000
1.021687500
1.027187500
1.032937500
1.038625000
1.044125000
1.049875000
1.055812500
1.061625000
1.067562500
1.073312500
1.079250000
1.085000000
1.091062500
1.096687500
1.102875000
1.108875000
1.115062500
1.121437500
1.127875000
1.133437500
1.139750000
1.146000000
1.152500000
1.158625000
1.165437500
1.171937500
1.178500000
1.184750000
1.191375000
1.197812500
1.204437500
1.210812500
1.217875000
1.223812500
1.230687500
1.237187500
1.243625000
1.249812500
1.256562500
1.262875000
1.269125000
1.275500000
1.281562500
1.287625000
1.294125000
1.299812500	
1.305812500	
1.311312500	
1.317500000	
1.454187500
1.459562500
1.465312500
1.471250000
1.476937500
1.482250000
1.487812500
1.493687500
1.500000000
1.506000000
1.512000000
1.517937500
1.523875000
1.530062500
1.536062500
1.542062500
1.547875000
1.553625000
1.559250000
1.564812500
1.570312500
1.575875000
1.581375000
1.586875000
1.592500000
1.598375000
1.603937500
1.610437500
1.616500000
1.622562500
1.678312500
1.683625000
1.689437500
1.694875000
1.700937500
1.706500000
1.712187500
1.718250000
1.723750000
1.729750000
1.735250000
1.741187500
1.747187500
1.753312500
1.759000000
1.765250000
1.771250000
1.777625000
1.783500000
1.789500000
1.795687500
1.802000000
1.807937500
1.813937500
1.820437500
1.826750000
1.833062500
1.839500000
1.845687500
1.852062500
1.858562500
1.864375000
1.871625000
1.878125000
1.884437500
1.890875000
1.897250000
1.903937500
1.910562500
1.917062500
1.923625000
1.930125000
1.936625000
1.943062500
1.949687500
1.956250000
1.962750000
1.968625000	
1.975250000	
