0.218000000
0.223312500
0.228500000
0.233812500
0.239250000
0.244875000
0.250125000
0.255250000
0.260375000
0.265500000
0.270812500
0.275812500
0.281000000
0.286000000
0.291062500
0.296062500
0.301000000
0.306125000
0.311187500
0.317062500
0.423937500
0.428312500
0.432562500
0.437062500
0.441875000
0.447125000
0.452750000
0.458125000
0.463625000
0.468437500
0.474500000
0.480187500
0.485437500
0.517625000
0.522500000
0.527562500
0.532937500
0.538375000
0.544125000
0.549687500
0.555375000
0.560875000
0.566687500
0.572437500
0.578625000
0.584250000
0.590125000
0.596000000
0.601937500
0.607875000
0.613937500
0.619937500
0.626062500
0.631937500
0.638000000
0.644062500
0.650000000
0.655750000
0.661500000
0.667312500
0.672937500
0.678812500
0.684625000
0.690500000	
1.120437500
1.126125000
1.131625000
1.137250000
1.142875000
1.148312500
1.154062500
1.159625000
1.165312500
1.170937500
1.176437500
1.182062500
1.187875000
1.193625000
1.199500000
1.205187500
1.210875000
1.216812500
1.222812500
1.228812500
1.234812500
1.240750000
1.246437500
1.252562500
1.258312500
1.264062500
1.269625000
1.275437500
1.281125000
1.286750000
1.292375000
1.298312500
1.303812500
1.309562500
1.315312500
1.321062500
1.326812500
1.332625000
1.338625000
1.344437500
1.350187500
1.356000000
1.361750000
1.367687500
1.373687500
1.379375000
1.385375000
1.391437500
1.397437500
1.403250000
1.409437500
1.415687500
1.421812500
1.427937500
1.433750000
1.439687500
1.445875000
1.451750000
1.458687500
1.464312500
1.469187500
1.475000000
1.481125000
1.486812500
1.492312500
1.498312500
1.598625000
1.603937500
1.609437500
1.614937500
1.620437500
1.626312500
1.631687500
1.637875000
1.644187500	
1.742625000
1.747812500
1.753187500
1.758750000
1.764312500
1.770000000
1.775687500
1.781437500
1.787187500
1.792937500
1.798750000
1.804500000
1.810375000
1.816187500
1.821937500
1.827812500
1.833562500
1.839312500
1.845062500
1.850875000
1.856625000
1.862375000
1.868062500
1.873812500
1.879562500
1.885312500
1.891000000
1.896687500
1.902437500
1.908187500
1.914000000
1.919750000
1.925500000
1.931375000
1.937437500
1.943187500
1.948937500
1.954687500
1.960437500
1.966125000
1.972062500
1.977937500
1.983875000
1.989125000
1.995312500
2.001000000
2.006812500
2.012437500
2.018375000
2.024000000
2.029937500
2.035937500
2.041937500	
2.198125000
2.203750000
2.209625000
2.215687500
2.221875000
2.227812500
2.234062500
2.240125000
2.246625000
2.252750000
2.258750000
2.264750000
2.270687500
2.276625000	
2.283375000	
2.289312500	
2.391687500
2.398312500
2.404375000
2.410562500
2.416937500
2.422875000
2.429250000
2.435437500
2.441875000
2.448187500
2.454562500
2.460750000
2.467000000
2.473125000
2.479500000
2.485875000
2.492500000
2.498687500
2.505187500
2.511625000
2.518125000
2.524875000
2.531125000
2.537812500
2.544375000
2.550937500
2.557625000
2.563812500
2.570500000
2.577062500
2.583437500
2.589875000
2.596750000
2.603312500
2.610375000
2.616812500
2.623125000
2.629500000
2.635750000	
2.642562500	
2.649125000	
