0.2275
0.23206
0.23688
0.24113
0.24563
0.25025
0.25469
0.259
0.41456
0.41913
0.42344
0.4275
0.43188
0.43625
0.44056
0.44469
0.44913
0.45344
0.45756
0.46156
0.4655
0.46944
0.47356
0.47769
0.48138
0.48544
0.48956
0.69775
0.70125
0.7055
0.7095
0.71437
0.71856
0.72275
0.72694
0.73113
0.73513
0.73931
0.74313
0.74731
0.75206
0.75594
0.76181
0.76687
0.77144
0.77556
0.78112
0.78538
0.79106
0.79619
0.80175
0.80619
0.81131
0.81669
0.82225
0.82675
0.83156
0.83569
0.83994
0.84437
0.84862
0.85294
0.857
0.86169
0.86587
0.87019
0.87475
0.87919
0.88362
0.88731
0.89231
0.89675
0.90163
0.90606
0.91075
0.91525
0.91994
0.92481
0.92931
0.93394
0.93888
0.9435
0.94831
0.95313
0.95781
0.96262
0.96656
0.97219
0.97669
0.98162
0.98619
0.99119
0.99581
1.0006
1.0055
1.0104
1.0151
1.02
1.0249
1.0295
1.0345
1.0394
1.0443
1.0487
1.0537
1.0586
1.0638
1.0686
1.0744
1.0795
1.0842
1.0894
1.0946
1.0998
1.1053
1.1105
1.1159
1.1213
1.1266
1.1321
1.1374
1.1429
1.1484
1.1538
1.1593
1.1648
1.1701
1.1758
1.1813
1.1866
1.1923
1.1977
1.2036
1.2091
1.2142
1.2192
1.2246
1.2296
1.3489
1.3544
1.3599
1.3651
1.37
1.3754
1.3811
1.386
1.3914
1.3971
1.4019
1.4075
1.413
1.4183
1.4236
1.4289
1.4344
1.4396
1.4451
1.4504
1.4557
1.4612
1.4666
1.4719
1.4775
1.4828
1.4884
1.4937
1.4991
1.5048
1.5102
1.5157
1.5216
1.5268
1.5329
1.539
1.545
1.551
1.5574
1.5632
1.5683
1.5744
1.5797
1.5849
1.59
1.5954
1.6006
1.6061
1.6113
1.6164
1.6217
1.6269
1.6319
1.6377
1.6429
1.647
1.6519
1.6574
1.6622
1.6671
1.6717
1.6766
1.6814
1.7846
1.7901
1.7956
1.8013
1.807
1.813
1.8187
1.824
1.8295
1.8348
1.8407
1.8459
1.8511
1.8559
2.0109
2.0158
2.0217
2.0267
2.0325
2.0374
2.0429
2.0481
2.0534
2.0586
2.0643
2.0694
2.0754
2.0799
2.0856
2.0908
2.0965
2.1021
2.1074
2.1121
2.1181
2.1226
2.1281
2.1334
2.1388
2.1443
2.1502
2.155
2.1603
2.1665
2.1714
2.1768
2.1825
2.1886
2.1943
2.1999
2.2051
2.2108
2.216
2.2219
2.2271
2.2331
2.2381
2.2427
2.25
2.2556
2.2611
2.2671
2.2725
2.2786
2.2846
2.2901
2.2958
2.3019
2.3077
2.3135
2.3196
2.3256
2.3314
2.337
2.3435
2.3494
2.3552
2.3613
2.3672
2.3736
2.3796
2.3854
2.3914
2.3974
2.4034
2.4096
2.4156
2.4214
2.4269
2.4331
2.439
2.444
