0.220750000
0.226250000	
0.232000000
0.237500000
0.243000000
0.248375000
0.253875000
0.259437500
0.264937500
0.270312500
0.275687500
0.281187500
0.286750000
0.292250000
0.297750000
0.303187500
0.308625000
0.314062500
0.319500000
0.324937500
0.330437500
0.335937500
0.341562500
0.347625000
0.448687500
0.453750000
0.458937500
0.464000000
0.469000000
0.474000000
0.479062500
0.484125000
0.489187500
0.494375000
0.499562500
0.504812500
0.510062500
0.515375000
0.520625000
0.526062500
0.531375000
0.536687500
0.541937500
0.547187500
0.552375000
0.557812500
0.562937500
0.568250000
0.573375000
0.578562500
0.583687500
0.588812500
0.593937500
0.599000000
0.604000000
0.608000000
0.613875000
0.618000000
0.622812500
0.627625000
0.632437500
0.637187500
0.642000000
0.646812500
0.651562500
0.656250000
0.661687500
0.666375000
0.670312500
0.675937500
0.680687500
0.685437500
0.690437500
0.695375000
0.700312500
0.705437500
0.710437500
0.715625000
0.720812500
0.726000000
0.731062500
0.736062500
0.741250000
0.746375000
0.751375000
0.756687500
0.761875000
0.767000000
0.772250000
0.777375000
0.782625000
0.787875000
0.793000000
0.798187500
0.803562500
0.808812500
0.814500000
0.820250000
0.826187500
0.832187500
0.838250000
0.844562500	
0.884875000
0.890562500
0.896437500
0.902000000
0.907500000
0.912937500
0.918375000
0.923875000
0.929375000
0.934875000
0.940500000
0.946062500
0.951750000
0.957312500
0.963000000
0.968750000
0.974500000
0.980250000
0.986125000
0.992125000
0.998187500
1.004187500
1.009625000
1.016187500
1.022187500
1.028437500
1.034062500
1.040125000
1.046812500
1.052875000
1.059062500
1.065062500
1.071125000
1.077312500
1.083312500
1.089437500
1.095437500
1.101437500
1.107312500
1.113250000
1.119187500
1.124625000
1.130687500
1.136812500
1.143125000
1.149375000
1.155625000
1.161812500
1.167875000
1.174062500
1.180000000
1.185875000
1.191625000
1.196812500
1.202875000
1.207812500
1.213812500
1.218750000
1.224062500
1.230250000
1.235812500
1.241250000
1.245875000
1.251437500
1.256812500
1.262250000
1.267625000
1.273000000
1.278562500
1.284375000
1.411375000
1.416875000
1.422625000
1.428437500
1.434312500
1.440187500
1.446125000
1.452062500
1.457937500
1.463812500
1.469937500
1.475937500
1.481875000
1.487625000
1.494437500
1.500312500
1.506375000
1.511937500
1.517875000
1.524500000
1.530625000
1.535937500
1.542625000
1.547875000
1.553937500
1.559875000
1.565875000
1.572000000
1.578000000
1.584125000
1.590125000
1.596187500
1.602125000
1.608125000
1.614187500
1.620125000
1.626312500
1.632187500
1.638250000
1.644437500
1.650875000
1.657437500
1.662937500
1.669812500
1.676000000
1.682250000
1.688625000
1.694750000
1.701125000
1.707562500
1.713875000
1.720312500
1.726562500
1.733062500
1.739312500
1.745812500
1.751937500
1.758312500
1.764812500
1.771125000
1.776875000	
1.783500000	
1.922187500
1.928187500
1.934562500
1.940937500
1.947687500
1.954187500
1.960625000
1.966437500
1.972937500
1.979750000
1.985937500
1.992875000
1.999062500
2.006125000
2.012187500
2.018750000
2.024687500
2.031312500
2.038187500
2.044437500
2.051312500
2.057812500
2.064250000
2.070750000
2.077187500
2.083437500
2.089875000
2.096312500
2.102750000
2.109125000
2.114750000
2.121812500
2.127687500
2.134000000
2.140437500
2.147000000
2.153562500
2.160187500
2.166687500
2.174687500	
2.181250000	
2.188500000	
