0.229312500
0.234687500
0.239812500
0.245062500
0.250187500
0.255250000
0.260250000
0.265312500
0.270250000
0.275250000
0.280250000
0.285187500
0.290187500
0.295125000
0.300125000
0.305062500
0.310062500
0.315000000
0.320000000
0.324937500
0.329875000
0.334812500
0.339750000
0.344687500
0.349625000
0.354562500
0.359500000
0.364437500
0.369375000
0.374375000
0.379437500
0.384437500
0.389500000
0.394625000
0.399687500
0.404812500
0.409875000
0.414937500
0.420000000
0.425000000
0.430000000
0.434937500
0.439875000
0.444750000
0.449687500
0.454562500
0.459437500
0.464375000
0.469250000
0.474125000
0.479000000
0.483875000
0.488750000
0.493562500
0.498375000
0.503187500
0.507937500
0.512687500
0.517437500
0.522187500
0.526875000
0.531562500
0.536250000
0.540937500
0.545687500
0.550375000
0.555250000
0.560687500
0.755187500
0.759750000
0.764625000
0.769562500
0.774625000
0.779812500
0.785062500
0.790375000
0.795750000
0.801125000
0.806500000
0.813062500	
0.889250000
0.894250000
0.899250000
0.904375000
0.909500000
0.914625000
0.919750000
0.924812500
0.929937500
0.935000000
0.940062500
0.945250000
0.950312500
0.955312500
0.960500000
0.965625000
0.970812500
0.975937500
0.981125000
0.986312500
0.991562500
0.996687500
1.001937500
1.007250000
1.012375000
1.017562500
1.022937500
1.028062500
1.033375000
1.038562500
1.043937500
1.049187500
1.054437500
1.059562500
1.064937500
1.070125000
1.075437500
1.080750000
1.086062500
1.091500000
1.096937500
1.102437500
1.108000000
1.113625000
1.119312500
1.125000000
1.130625000
1.136250000
1.141812500
1.147437500
1.153000000
1.158750000
1.164375000
1.170187500
1.175937500
1.181875000
1.187812500
1.193875000
1.199875000
1.206062500
1.212187500
1.218375000
1.224625000
1.230812500
1.237062500
1.243250000
1.249562500
1.255875000
1.262062500
1.268375000
1.274562500
1.280875000
1.287125000
1.293312500
1.299562500
1.305812500
1.311812500
1.318000000
1.324062500
1.330187500
1.336250000
1.342312500
1.348437500
1.354375000
1.360562500
1.366562500
1.372687500
1.379062500
1.385562500
1.393062500	
1.400000000	
1.419250000	
1.424625000	
1.430750000
1.436500000
1.443250000
1.449000000
1.455250000
1.461000000
1.467125000
1.473437500
1.479312500
1.485375000
1.491437500
1.497750000
1.503562500
1.509437500
1.515375000
1.521312500
1.527312500
1.533687500
1.540187500	
1.660000000
1.665500000
1.671062500
1.676812500
1.682875000
1.689000000
1.695187500
1.701500000
1.707875000
1.714312500
1.720812500
1.727312500
1.733812500
1.740437500
1.746812500
1.753312500
1.759812500
1.766062500
1.772187500
1.778062500
1.784062500
1.789937500
1.795937500
1.801812500
1.807812500
1.813812500
1.819812500
1.825812500
1.831750000
1.837687500
1.843687500
1.849687500
1.855625000
1.861625000
1.867562500
1.873625000
1.879562500
1.885562500
1.891500000
1.897562500
1.903437500
1.909437500
1.915375000
1.921312500
1.927187500
1.933125000
1.938937500
1.944812500
1.950625000
1.956437500
1.962312500
1.968062500
1.973937500
1.979562500
1.985375000
1.991250000
1.997000000
2.003000000
2.009125000
2.015375000
2.021687500
2.028062500
2.034500000
2.042312500	
2.065062500
2.070750000
2.076500000
2.082250000
2.087937500
2.093750000
2.099625000
2.105625000
2.111500000
2.117437500
2.123375000
2.129312500
2.135312500
2.141187500
2.147312500
2.153125000
2.159125000
2.165062500
2.171125000
2.177187500
2.183625000
2.190125000
2.196750000
2.203375000
2.210000000
2.216625000
2.223250000
2.229875000
2.236437500
2.242875000
2.249250000
2.255437500
2.261625000
2.267750000
2.273937500
2.280125000
2.286187500
2.292437500
2.298687500
2.305000000
2.311187500
2.317437500
2.323875000
2.329937500
2.336062500
2.342125000
2.349562500
2.355562500
2.361812500
2.367875000
2.374312500
2.380500000	
2.386875000	
2.393187500	
