0.222375000
0.227250000
0.232312500
0.237437500
0.242625000
0.247750000
0.252875000
0.258062500
0.263125000
0.268250000
0.273375000
0.278562500
0.283687500
0.288875000
0.294000000
0.299187500
0.304375000
0.309562500
0.314750000
0.320000000
0.325187500
0.330375000
0.335562500
0.340750000
0.345812500
0.351062500
0.356125000
0.361312500
0.366437500
0.371562500
0.376687500
0.381687500
0.386750000
0.391812500
0.396812500
0.401812500
0.406812500
0.412062500
0.417250000
0.422500000
0.551062500
0.555687500
0.560625000
0.565500000
0.570437500
0.575375000
0.580375000
0.585375000
0.590375000
0.595312500
0.600375000
0.605312500
0.610312500
0.615250000
0.620187500
0.625125000
0.630062500
0.634937500
0.639875000
0.644875000
0.649687500
0.654625000
0.659312500
0.664187500
0.668937500
0.673812500
0.678625000
0.683437500
0.688125000
0.692937500
0.697625000
0.702437500
0.707187500
0.711875000
0.716625000
0.721312500
0.726062500
0.730750000
0.735500000
0.740375000
0.745375000
0.750312500
0.944500000
0.949375000
0.954375000
0.959437500
0.964500000
0.969625000
0.974625000
0.979625000
0.984937500
0.990125000
0.995375000
1.000562500
1.006062500
1.011500000
1.017000000
1.022562500
1.028187500
1.033750000
1.039375000
1.045250000
1.051000000
1.056812500
1.062687500
1.068687500
1.074500000
1.080687500
1.086687500
1.092812500
1.099000000
1.105000000
1.111312500
1.117500000
1.123562500
1.130187500
1.136562500
1.143062500
1.149687500
1.156312500
1.163375000
1.170687500
1.177812500
1.185125000	
1.193750000	
1.201750000
1.208625000
1.215062500
1.221625000
1.227812500
1.234312500
1.240625000
1.246875000
1.253125000
1.259187500
1.265250000
1.271250000
1.277437500
1.283500000
1.289437500
1.295562500
1.301437500
1.307375000
1.313437500
1.319500000
1.325500000
1.331500000
1.337562500
1.343625000
1.349562500
1.355562500
1.361562500
1.367500000
1.373375000
1.379187500
1.385062500
1.391562500	
1.396937500	
1.403750000	
1.409312500	
1.414875000	
1.421250000	
1.429125000	
1.470687500
1.476687500
1.482937500
1.489375000
1.495750000	
1.502000000	
1.508375000	
1.514500000	
1.521000000
1.527375000
1.533687500
1.539812500
1.545687500
1.552250000
1.558187500
1.564375000
1.570562500
1.576000000
1.582250000
1.588937500
1.594687500
1.601000000
1.607125000
1.613312500
1.619625000
1.625562500
1.631812500
1.637625000
1.643687500
1.649312500
1.655437500
1.660875000
1.666875000
1.672937500
1.679125000
1.685187500
1.691375000
1.697250000	
1.703250000	
1.709062500
1.714875000
1.720500000
1.726000000
1.731375000
1.736562500
1.741812500
1.747000000
1.752125000
1.757312500
1.762500000
1.767687500
1.772750000
1.777812500
1.782937500
1.788062500
1.793250000
1.798312500
1.803500000
1.808562500
1.813687500
1.818875000
1.824000000
1.829062500
1.834250000
1.839375000
1.844562500
1.849750000
1.854875000
1.860062500
1.865312500
1.870500000
1.875750000
1.881000000
1.886375000
1.891812500
1.897250000
1.902687500
1.908125000
1.913625000
1.919125000
1.924562500
1.930000000
1.935500000
1.940937500
1.946437500
1.951875000
1.957250000
1.962250000
1.967625000
1.972750000
1.977750000
1.983125000
1.988500000
1.993812500
1.999187500
2.004625000
2.088812500	
2.094125000	
2.100000000	
2.106062500	
2.111875000	
2.118187500	
2.124500000	
2.130937500	
2.137125000	
2.143750000
2.150250000
2.156875000
2.163250000
2.169750000	
2.176250000	
2.182625000	
2.188187500	
2.195750000
2.201250000	
2.207375000
2.214000000	
2.220250000	
2.226562500	
2.232875000	
2.232875000	
2.239812500
2.245750000	
2.251937500	
2.258625000	
2.264812500	
2.272312500
2.278750000
2.284375000	
2.290375000	
2.300437500	
2.312750000	
2.318250000	
2.424937500	
2.436312500	
2.447625000	
2.453375000	
2.459437500	
2.465187500	
2.471750000	
2.478437500	
2.483937500	
2.489750000	
2.496437500	
2.503062500	
2.508875000	
2.515062500	
2.521250000	
2.527687500	
2.534000000	
2.539562500	
2.546312500
2.552187500	
2.558875000	
2.565375000
2.571625000
2.577812500
2.584312500
2.590562500
2.596687500
2.603000000
2.608937500
2.615312500
2.621687500
2.627937500
2.634312500
2.640625000
2.646875000
2.653187500
2.659437500
2.665812500
2.672000000
2.678312500
2.684562500
2.690750000
2.697000000
2.703250000
2.709500000
2.715812500
2.721812500
2.728062500
2.734187500
2.740375000
2.746625000
2.752625000
2.758750000
2.765062500
2.771062500
2.777312500
2.783312500
2.789437500
2.795750000
2.802000000
2.808187500
2.814375000
2.820562500
2.826687500
2.832875000
2.839187500
2.845312500
2.851500000
2.857687500
2.863875000
2.870062500
2.876250000
2.882375000
2.888562500
2.894687500
2.900812500
2.907062500
2.913187500
2.919375000
2.925562500
2.931687500
2.937875000
2.944062500
2.950187500
2.956312500
2.962500000
2.968687500
2.974875000
2.981062500
2.987125000
2.992437500
2.998562500
3.004687500
3.010750000
3.016875000
3.023000000
3.029062500
3.035125000
3.041250000
3.047437500
3.053625000
3.059812500
3.066250000
3.073625000
3.078812500	
3.085500000	
3.091312500	
3.097187500	
3.106000000	
3.122687500	
3.127187500	
3.157812500
3.168562500	
3.401437500
3.407500000
3.413812500
3.420187500
3.426625000
3.433062500
3.439562500
3.446000000
3.452625000
3.458875000
3.465562500
3.471937500
3.478500000	
3.484812500
3.491562500
3.504125000
3.510625000
3.517125000
3.523687500	
3.530375000	
3.537375000	
3.544312500
3.550875000
3.557250000
3.563625000
3.569875000
3.576250000
3.582500000
3.588750000
3.594500000	
3.601875000	
3.704062500
3.711125000
3.717750000
3.724250000
3.730812500
3.737562500
3.744187500
3.750937500
3.757500000
3.764312500
3.771062500
3.777875000
3.784562500
3.791750000
3.798437500
3.805125000
3.812125000
3.818687500
3.825562500
3.832062500
3.838937500
3.845437500	
3.851812500	
3.857687500	
3.863812500	
3.870250000	
3.875937500	
3.881875000	
