0.227125000
0.232187500
0.237437500
0.242687500
0.248000000
0.253375000
0.258750000
0.264187500
0.269625000
0.275250000
0.281125000
0.288062500
0.294437500
0.301562500	
0.311187500	
0.323875000	
0.335375000	
0.344500000	
0.350875000	
0.357375000
0.363937500
0.369187500
0.374437500
0.379687500
0.384812500
0.389937500
0.395000000
0.400125000
0.405187500
0.410250000
0.415375000
0.420437500
0.425500000
0.430562500
0.435687500
0.440812500
0.445875000
0.451000000
0.456062500
0.461125000
0.466187500
0.471187500
0.476187500
0.481187500
0.486125000
0.491062500
0.496000000
0.500875000
0.505812500
0.510625000
0.515500000
0.520312500
0.525125000
0.530000000
0.534875000
0.539750000
0.544562500
0.549437500
0.554312500
0.559125000
0.563937500
0.568687500
0.573437500
0.578187500
0.582875000
0.587625000
0.592312500
0.597062500
0.601750000
0.606500000
0.611250000
0.616000000
0.620750000
0.625500000
0.630250000
0.635000000
0.639875000
0.644687500
0.649500000
0.654375000
0.659312500
0.664250000
0.669312500
0.674375000
0.679437500
0.684625000
0.689750000
0.694937500
0.700187500
0.705375000
0.710562500
0.715750000
0.720937500
0.726062500
0.731250000
0.736375000
0.741500000
0.746625000
0.751687500
0.756750000
0.761750000
0.766937500
0.772312500
0.850750000
0.855625000
0.860937500
0.866437500
0.871875000
0.877375000
0.882937500
0.888500000
0.894062500
0.899625000
0.905187500
0.910687500
0.916250000
0.921750000
0.927250000
0.932812500
0.938312500
0.943812500
0.949312500
0.954812500
0.960312500
0.965875000
0.971375000
0.976812500
0.982312500
0.987750000
0.993250000
0.998750000
1.004375000
1.113312500
1.118687500
1.124312500
1.129937500
1.135562500
1.141187500
1.146875000
1.152500000
1.158125000
1.163625000
1.309250000
1.314750000
1.320437500
1.326062500
1.331750000
1.337562500
1.343375000
1.349375000
1.355375000
1.361437500
1.367437500
1.373500000
1.379500000
1.385625000
1.391687500
1.397750000
1.403875000
1.410000000
1.416062500
1.422187500
1.428187500
1.434375000
1.440375000
1.446562500
1.452750000
1.458812500
1.465062500
1.471312500
1.477562500
1.484000000
1.490375000
1.496500000
1.503062500
1.509375000
1.515625000
1.522000000
1.528187500
1.534437500
1.540562500
1.546812500
1.553000000
1.559125000
1.565062500
1.571187500
1.577312500
1.582937500
1.589125000
1.595000000
1.600875000
1.606687500
1.612500000
1.618375000
1.624312500
1.723937500
1.729625000
1.735812500
1.741937500
1.748187500
1.754562500
1.760937500
1.767437500
1.773875000
1.780312500
1.786875000
1.793437500
1.799875000
1.806437500
1.813000000
1.819500000
1.825937500
1.832437500
1.838812500
1.846375000	
1.853500000	
1.858687500	
1.865812500	
1.872562500	
1.877812500	
