0.24794
0.25319
0.25819
0.26313
0.26831
0.27331
0.27856
0.28394
0.2895
0.29475
0.30056
0.30612
0.31175
0.31738
0.32313
0.32863
0.33437
0.33987
0.34544
0.35119
0.35706
0.36238
0.36806
0.37344
0.37875
0.38431
0.38919
0.3945
0.3995
0.4045
0.40956
0.41463
0.41969
0.4245
0.42944
0.43444
0.43925
0.44431
0.44906
0.45375
0.45863
0.46337
0.4685
0.47294
0.478
0.483
0.488
0.493
0.49788
0.50313
0.50813
0.51256
0.51806
0.52325
0.52831
0.53406
0.53863
0.54288
0.5475
0.55219
0.55756
0.56269
0.56756
0.57256
0.57725
0.58225
0.58737
0.59219
0.59731
0.60213
0.60775
0.61175
0.61681
0.62231
0.62738
0.63338
0.63831
0.64231
0.64869
0.65394
0.65925
0.66456
0.67
0.67512
0.68
0.68544
0.69106
0.69663
0.70244
0.70825
0.71369
0.71919
0.72469
0.72969
0.73525
0.74062
0.74638
0.75162
0.75719
0.76256
0.76812
0.77363
0.779
0.78425
0.78969
0.79506
0.80063
0.80581
0.81125
0.81675
0.82194
0.82725
0.83237
0.83781
0.843
0.84781
0.85337
0.85831
0.86375
0.86919
0.87462
0.87994
0.88519
0.89031
0.89519
0.90019
0.90519
0.91
0.91487
0.91969
0.92425
0.92912
0.93363
0.93831
0.94312
0.94837
0.95331
1.0836
1.0887
1.0936
1.0987
1.1041
1.1092
1.1144
1.1194
1.1251
1.1304
1.1356
1.1409
1.1461
1.1514
1.1571
1.1625
1.1678
1.1732
1.1788
1.1839
1.1896
1.1951
1.2004
1.2059
1.2116
1.2171
1.2229
1.2288
1.2346
1.2405
1.2979
1.303
1.3082
1.3136
1.3191
1.3243
1.3296
1.335
1.3401
1.3455
1.3505
1.3553
1.3613
1.366
1.5182
1.5228
1.5274
1.5326
1.5375
1.5426
1.5473
1.5524
1.5572
1.5622
1.5672
1.5723
1.5774
1.5821
1.5872
1.5923
1.5974
1.6024
1.6074
1.6125
1.6175
1.6224
1.6269
1.6325
1.6374
1.7383
1.7433
1.7481
1.7532
1.7583
1.7635
1.7686
1.7737
1.779
1.7841
1.7894
1.7946
1.8002
1.8056
1.8109
1.8162
1.8217
1.8272
1.8326
1.8382
1.8436
1.8491
1.8546
1.8605
1.8658
1.8718
1.877
1.8828
1.8886
1.8941
1.8999
1.9055
1.9112
1.9169
1.9228
1.9279
1.9338
1.9393
1.9448
1.9506
1.9562
1.9617
1.9678
1.9732
1.9788
1.9843
1.9901
1.9959
2.0015
2.0071
2.0129
2.0184
2.024
2.0297
