0.233125000
0.237750000
0.242437500
0.247000000
0.251625000
0.256187500
0.260750000
0.265250000
0.269812500
0.274312500
0.278812500
0.283312500
0.287875000
0.292375000
0.297062500
0.301750000
0.306250000
0.310812500
0.315375000
0.319875000
0.324312500
0.328750000
0.333125000
0.337375000
0.341625000
0.345937500
0.350187500
0.354437500
0.358687500
0.363000000
0.367312500
0.371625000
0.376062500
0.380500000
0.384937500
0.389375000
0.393875000
0.398312500
0.402750000
0.407187500
0.411625000
0.416062500
0.420687500
0.425250000
0.429937500
0.434500000
0.439187500
0.443812500
0.448562500
0.453312500
0.458125000
0.463062500
0.467937500
0.472937500
0.477937500
0.482937500
0.488125000
0.493250000
0.498562500
0.503625000
0.508500000
0.512875000
0.517187500
0.521500000
0.525812500
0.530187500
0.534500000
0.538875000
0.543312500
0.547937500
0.552687500
0.557750000
0.563625000	
0.670937500
0.675750000
0.680750000
0.685500000
0.690312500
0.695250000
0.700250000
0.705187500
0.710250000
0.715375000
0.720500000
0.725625000
0.730750000
0.735875000
0.741000000
0.746187500
0.751312500
0.756375000
0.761500000
0.766562500
0.771562500
0.776687500
0.781687500
0.786687500
0.791750000
0.796750000
0.801812500
0.806875000
0.811875000
0.816937500
0.822062500
0.827125000
0.832250000
0.837375000
0.842500000
0.847687500
0.852875000
0.858062500
0.863250000
0.868375000
0.873562500
0.878687500
0.883812500
0.889000000
0.894125000
0.899312500
0.904500000
0.910625000
0.915875000
0.921062500
0.926312500
0.931562500
0.936875000
0.942187500
0.947562500
0.953000000
0.958437500
0.963875000
0.969250000
0.974750000
0.980250000
0.985750000
0.991250000
0.996750000
1.002250000
1.007750000
1.013312500
1.018812500
1.024312500
1.029875000
1.035437500
1.040875000
1.046437500
1.051937500
1.057437500
1.062937500
1.068562500
1.072750000
1.078375000
1.084937500
1.090625000
1.094937500
1.100500000
1.107125000
1.112875000
1.118500000
1.124062500
1.129812500
1.134312500
1.140000000
1.145812500
1.151750000
1.157625000
1.163625000
1.169562500
1.175500000
1.181500000
1.187562500
1.193625000
1.199812500
1.205875000
1.212000000
1.218062500
1.224187500
1.230312500
1.236375000
1.242500000
1.250062500
1.256250000
1.262312500
1.268437500
1.274687500
1.280875000
1.287000000
1.293875000	
1.300812500	
1.307375000	
1.314375000	
1.362937500
1.368812500
1.375000000
1.381187500
1.387500000
1.394875000
1.399750000
1.407062500
1.411875000
1.418000000
1.424062500
1.430062500
1.436250000
1.442250000
1.448312500
1.454437500
1.460500000
1.466437500
1.472375000
1.478312500
1.484250000
1.490250000
1.496062500
1.501875000
1.507750000
1.513375000
1.519250000
1.524937500
1.530750000
1.536500000
1.542312500
1.548000000
1.553812500
1.559562500
1.565312500
1.571062500
1.576937500
1.582937500
1.589187500
1.596000000
1.602562500
1.611000000	
1.624062500
1.684125000
1.689125000
1.695250000
1.700562500
1.706375000
1.712000000
1.717687500
1.723437500
1.729187500
1.734937500
1.740812500
1.746625000
1.752437500
1.758312500
1.764187500
1.770062500
1.775937500
1.781812500
1.787625000
1.793500000
1.799375000
1.805312500
1.811125000
1.817000000
1.822812500
1.828687500
1.834500000
1.840312500
1.846125000
1.852000000
1.858062500
1.863812500
1.869687500
1.875687500
1.881500000
1.887375000
1.893250000
1.899187500
1.905000000
1.910812500
1.916687500
1.922562500
1.928312500
1.934250000
1.940187500
1.946062500
1.951875000
1.957750000
1.963625000
1.969562500
1.975312500
1.981312500
1.987125000
1.993125000
1.998937500
2.004937500
2.010750000
2.016625000
2.022625000
2.028500000
2.034437500
2.040312500
2.046312500
2.052250000
2.058187500
2.064125000
2.070125000
2.076125000
2.082062500
2.087875000
2.093875000
2.099750000
2.105687500
2.113000000
2.119000000
2.125000000
2.129687500
2.135750000
2.141750000
2.147812500
2.153812500
2.159875000
2.166000000
2.172125000
2.178187500
2.184312500
2.190437500
2.196625000
2.202750000
2.209000000
2.215125000
2.221375000
2.227562500
2.233812500
2.240125000
2.246312500
2.252687500
2.259000000
2.265250000
2.271562500
2.277875000
2.284250000
2.290687500
2.297062500
2.303562500
2.309875000
2.316250000
2.322500000
2.328687500
2.334750000
2.342250000
2.348437500
2.354625000
2.360750000
2.366687500	
2.373437500	
