0.216812500	
0.222375000	
0.227687500	
0.232937500	
0.238312500	
0.243500000	
0.248687500	
0.253812500	
0.259125000	
0.264437500	
0.269750000	
0.274937500	
0.280375000	
0.285562500	
0.290937500	
0.296250000	
0.301625000	
0.306812500	
0.312062500	
0.317312500	
0.322625000	
0.328000000	
0.333375000	
0.338625000	
0.343875000	
0.349312500	
0.354625000	
0.359937500	
0.365250000	
0.370625000	
0.375875000	
0.381125000	
0.386437500	
0.391625000	
0.397000000	
0.402125000	
0.407375000	
0.412562500	
0.417687500	
0.423000000	
0.428187500	
0.433500000	
0.438500000	
0.443812500	
0.448937500	
0.454062500	
0.459312500	
0.464437500	
0.469562500	
0.474875000	
0.479875000	
0.485250000	
0.490437500	
0.495625000	
0.500750000	
0.506125000	
0.511250000	
0.516562500	
0.521875000	
0.527312500	
0.532812500	
0.538500000	
0.544500000	
0.550937500	
0.556875000	
0.563500000	
0.568375000	
0.657187500	
0.662312500	
0.667375000	
0.672562500	
0.677625000	
0.682812500	
0.687937500	
0.693187500	
0.698562500	
0.703500000	
0.708750000	
0.713750000	
0.718625000	
0.723875000	
0.728937500	
0.733875000	
0.739000000	
0.743812500	
0.748625000	
0.753500000	
0.758375000	
0.763062500	
0.767875000	
0.772437500	
0.777250000	
0.782125000	
0.787125000	
0.792500000	
0.797375000	
0.803750000	
0.949250000	
0.954125000	
0.958812500	
0.963562500	
0.968500000	
0.973500000	
0.978500000	
0.983500000	
0.988375000	
0.993812500	
0.998750000	
1.003562500	
1.008625000	
1.013937500	
1.018750000	
1.023937500	
1.028937500	
1.033875000	
1.039125000	
1.044312500	
1.049937500	
1.055312500	
1.061062500	
1.066750000	
1.072500000	
1.078187500	
1.083687500	
1.089187500	
1.094687500	
1.099875000	
1.105312500	
1.110750000	
1.116250000	
1.121750000	
1.127562500	
1.133062500	
1.138875000	
1.144562500	
1.150375000	
1.156125000	
1.162000000	
1.167750000	
1.173500000	
1.179437500	
1.185312500	
1.191125000	
1.197250000	
1.203187500	
1.209062500	
1.214937500	
1.220875000	
1.226812500	
1.232750000	
1.238625000	
1.244437500	
1.250437500	
1.256500000	
1.262250000	
1.268375000	
1.274562500	
1.280625000	
1.286812500	
1.293125000	
1.299375000	
1.305875000	
1.312250000	
1.318875000	
1.325812500	
1.332312500	
1.338750000	
1.345312500	
1.350562500	
1.356187500	
1.362812500	
1.367687500	
1.373125000	
1.378937500	
1.384937500	
1.390750000	
1.396250000	
1.402125000	
1.408187500	
1.414000000	
1.420000000	
1.426000000	
1.431750000	
1.437812500	
1.443625000	
1.449500000	
1.455437500	
1.461312500	
1.467250000	
1.472875000	
1.478687500	
1.484625000	
1.490562500	
1.496375000	
1.502375000	
1.508437500	
1.514375000	
1.520250000	
1.526187500	
1.532750000	
1.539500000	
1.545562500	
1.575312500	
1.581250000	
1.587750000	
1.593750000	
1.599000000	
1.604750000	
1.610437500	
1.616437500	
1.622562500	
1.628312500	
1.635187500	
1.641500000	
1.647937500	
1.654437500	
1.661375000	
1.680437500	
1.686437500	
1.691437500	
1.697562500	
1.703875000	
1.710250000	
1.716312500	
1.722625000	
1.728562500	
1.734875000	
1.740812500	
1.747000000	
1.753062500	
1.759625000	
1.765625000	
1.772000000	
1.777937500	
1.784125000	
1.789687500	
1.795875000	
1.801750000	
1.808000000	
1.814125000	
1.820000000	
1.827437500	
1.833812500	
1.839687500	
1.845500000	
1.851500000	
1.857437500	
1.863312500	
1.869250000	
1.875312500	
