0.240375000
0.244687500
0.249062500
0.253375000
0.257687500
0.262000000
0.266312500
0.270625000
0.275000000
0.279312500
0.283687500
0.288062500
0.292500000
0.297000000
0.301625000
0.306312500
0.311250000
0.316375000
0.321687500
0.327062500
0.332625000
0.337937500
0.384437500
0.389062500
0.393937500
0.398625000
0.404062500
0.408875000
0.413937500
0.419062500
0.424187500
0.429375000
0.434562500
0.439750000
0.445000000
0.450250000
0.455625000
0.460812500
0.466062500
0.471250000
0.476437500
0.481687500
0.486937500
0.492000000
0.497250000
0.502312500
0.507500000
0.512500000
0.517500000
0.522500000
0.527500000
0.532500000
0.537500000
0.542437500
0.547500000
0.552687500
0.557937500
0.563250000
0.568562500
0.573812500
0.579187500
0.584500000
0.589812500
0.595062500
0.600250000
0.605312500
0.610437500
0.615562500
0.620687500
0.625562500
0.630562500
0.635562500
0.640562500
0.645562500
0.650625000
0.655437500
0.660625000
0.665750000
0.670750000
0.675625000
0.680750000
0.685875000
0.690875000
0.696000000
0.701125000
0.706187500
0.711312500
0.716312500
0.721375000
0.726437500
0.731375000
0.736437500
0.741437500
0.746375000
0.751312500
0.756187500
0.761125000
0.766000000
0.770937500
0.775812500
0.780750000
0.785562500
0.790437500
0.795312500
0.800250000
0.805187500
0.810125000
0.815000000
0.819937500
0.824875000
0.829812500
0.834812500
0.839812500
0.844812500
0.849812500
0.854937500
0.860125000
0.865250000
0.870437500
0.875687500
0.880875000
0.886062500
0.891250000
0.896437500
0.901500000
0.906625000
0.912437500
0.916437500
0.921500000
0.926625000
0.931625000
0.936750000
0.941812500
0.947000000
0.952187500
0.957250000
0.962437500
0.967687500
0.972812500
0.978125000
0.983375000
0.988750000
0.994062500
0.999250000
1.004562500
1.009875000
1.015187500
1.020375000
1.025687500
1.031000000
1.036375000
1.041625000
1.047062500
1.052562500
1.058125000
1.063875000
1.069812500
1.076625000	
1.131312500
1.137875000
1.144375000
1.150750000
1.157125000
1.163437500
1.170000000
1.176437500
1.183000000
1.189625000
1.196187500
1.202750000
1.209375000
1.215875000
1.222375000
1.228875000
1.235250000
1.241812500
1.248187500
1.254750000
1.261000000
1.267375000
1.274250000
1.280437500
1.285937500	
1.292437500	
1.298812500	
1.305500000	
1.312187500	
1.317937500
1.487375000
1.492937500
1.498937500
1.504875000
1.510750000
1.516687500
1.522500000
1.528312500
1.534312500
1.541937500	
1.548187500	
1.577687500
1.583062500
1.588437500
1.593937500
1.599625000
1.605562500
1.611125000
1.616937500
1.622562500
1.628125000
1.633687500
1.639687500
1.645625000
1.651375000
1.656937500
1.663000000
1.668687500
1.674000000
1.680125000
1.686062500
1.692312500
1.698687500
1.706250000
1.712687500
1.719250000
1.725562500
1.731937500
1.736875000
1.742937500
1.749000000
1.754875000
1.760937500
1.766562500
1.772312500
1.778000000
1.783687500
1.789125000
1.795062500
1.800687500
1.806500000
1.812937500
1.818375000
1.824312500
1.830375000
1.836187500
1.841937500
1.848312500
1.854250000
1.859625000
1.865812500
1.871500000
1.877437500
1.883187500
1.889000000
1.894875000
1.900750000
1.906500000
1.912312500
1.918062500
1.923875000
1.929625000
1.935312500
1.941062500
1.946937500
1.952750000
1.958562500
1.964500000
1.970562500
1.976562500
1.982187500
1.987875000
1.993312500
1.998812500
2.004250000
2.009625000
2.014937500
2.020312500
2.025500000
2.030937500
2.036187500
2.041625000
2.046937500
2.052312500
2.057812500
2.063437500
2.069062500
2.074875000
2.080687500
2.086500000
2.093937500	
2.098937500
2.139250000
2.144875000
2.150500000
2.156125000
2.161875000
2.167562500
2.173250000
2.178937500
2.184625000
2.190375000
2.196125000
2.203062500
2.207375000
2.213375000
2.219125000
2.225187500
2.231437500
2.237687500
2.245000000	
2.257937500	
2.350312500
2.357312500
2.366937500
2.372437500
2.377437500
2.383500000
2.388875000
2.394687500
2.400375000
2.406187500
2.412000000
2.417812500
2.424812500
2.430625000
2.435312500
2.442312500
2.446937500
2.452750000
2.458562500
2.465500000
2.470375000
2.476250000
2.482187500
2.488312500
2.494500000
2.500812500
2.507062500
2.513375000
2.519812500
2.526125000
2.532562500
2.539000000
2.545375000
2.551812500
2.558250000
2.564562500
2.570875000
2.577125000
2.583062500
2.588812500
2.594562500
2.600312500
2.606187500
2.612000000
2.617937500
2.623875000
2.629875000
2.635875000
2.641750000
2.647750000
2.653750000
2.659750000
2.665812500
2.671812500
2.677875000
2.683937500
2.690000000
2.696062500
2.702000000
2.708000000
2.715187500
2.721250000
2.727187500
2.733312500
2.739312500
2.745062500	
2.752062500	
2.844437500
2.899000000
2.910000000
2.915000000
2.920875000
2.925937500
2.931812500
2.937625000
2.943312500
2.950375000
2.955062500
2.961875000
2.967750000
2.972750000
2.979687500
2.985562500
2.991375000
2.997625000
3.003625000
3.009625000
3.015937500
3.021937500
3.028000000
3.034187500
3.040437500
3.046625000
3.053000000
3.059187500
3.064437500
3.070812500
3.077250000
3.083625000
3.090000000
3.096500000
3.103000000
3.110687500
3.117062500
3.123500000
3.129812500
3.136250000
3.142687500
3.149375000	
3.160062500	
