0.230750000
0.235750000
0.240812500
0.245875000
0.250937500
0.255937500
0.261000000
0.266125000
0.271187500
0.276250000
0.281375000
0.286500000
0.291500000
0.296562500
0.301625000
0.306687500
0.311750000
0.316812500
0.321937500
0.327000000
0.332062500
0.337187500
0.342375000
0.347625000
0.352937500
0.358187500
0.363500000
0.368812500
0.374250000
0.379625000
0.385437500
0.390687500
0.396062500
0.401812500
0.408062500
0.413562500
0.418500000
0.424000000
0.429562500
0.435000000
0.440437500
0.445812500
0.451000000
0.456187500
0.461250000
0.466187500
0.471062500
0.475750000
0.480437500
0.485125000
0.489687500
0.494125000
0.498625000
0.503125000
0.507625000
0.512187500
0.679312500
0.684250000
0.689375000
0.694562500
0.699500000
0.704562500
0.709562500
0.714687500
0.720000000
0.725312500
0.730375000
0.735500000
0.740812500
0.745875000
0.751062500
0.756250000
0.761750000
0.766812500
0.772312500
0.777187500
0.783000000
0.788312500
0.793437500
0.799000000
0.804312500
0.809687500
0.814937500
0.820375000
0.825750000
0.831375000
0.836750000
0.842187500
0.848000000
0.853625000
0.859375000
0.865250000
0.871312500
0.877250000
0.883250000
0.889125000
0.895125000
0.900937500
0.906750000
0.912500000
0.918250000
0.923937500
0.929812500
0.935562500
0.941000000
0.946750000
0.953375000
0.959062500
1.114687500
1.120187500
1.125500000
1.131125000
1.136375000
1.141562500
1.147125000
1.152562500
1.158187500
1.163812500
1.169437500
1.175000000
1.180625000
1.186125000
1.191562500
1.196937500
1.202312500
1.207500000
1.212812500
1.218437500
1.223812500
1.229250000
1.404625000
1.409125000
1.413687500
1.418250000
1.422812500
1.427312500
1.431812500
1.436437500
1.441000000
1.445500000
1.450125000
1.454687500
1.459250000
1.463812500
1.468375000
1.472937500
1.477437500
1.482062500
1.486625000
1.491062500
1.495750000
1.500250000
1.504750000
1.509312500
1.513750000
1.518312500
1.522812500
1.527312500
1.531750000
1.536187500
1.540625000
1.545062500
1.549562500
1.553937500
1.558375000
1.563000000
1.567750000
1.572500000
1.677375000
1.767750000
1.778562500
1.783875000
1.789437500
1.794937500
1.800500000
1.805937500
1.811562500
1.817375000
1.823000000
1.828625000
1.834250000
1.839937500
1.845812500
1.851562500
1.857375000
1.863062500
1.869000000
1.874625000
1.880562500
1.886187500
1.892000000
1.897562500
1.903125000
1.909000000
1.914750000
1.920437500
1.925812500
1.931437500
1.937187500
1.943062500
2.066437500
2.072187500
2.078000000
2.083625000
2.089250000
2.094937500
2.100562500
2.106312500
2.112062500
2.117812500
2.123687500
2.129437500
2.135250000
2.141437500
2.147500000
2.152937500
2.158875000
2.165312500
2.171125000
2.177375000
2.183562500
2.189875000
2.196312500
2.202312500
2.208750000
2.215125000
2.221500000
2.228062500
2.234250000
2.240312500
2.246812500
2.253250000
2.259812500
2.266812500
2.273312500
2.280625000
2.287437500
2.294437500
2.301187500
2.307750000
2.314250000
2.643812500
2.649437500
2.655125000
2.660875000
2.666687500
2.672500000
2.678500000
2.684750000
2.690750000
2.697250000
2.867375000
2.872500000
2.877437500
2.882562500
2.887625000
2.892812500
2.898062500
2.903125000
2.908312500
2.913500000
2.918562500
2.923687500
2.928812500
2.933875000
2.939000000
2.944187500
2.949500000
2.955000000
2.960687500
2.966500000
2.972250000
2.978125000
2.984062500
2.990125000
2.996062500
3.050250000
3.056000000
3.061687500
3.067437500
3.073187500
3.078937500
3.084625000
3.090437500
3.096125000
3.101875000
3.107625000
3.113437500
3.119187500
3.125000000
3.130750000
3.136625000
3.142562500
3.148437500
3.154562500
3.160562500
3.166687500
3.172812500
3.179000000
3.185312500
3.191500000
3.197937500
3.204312500
3.210750000
3.217125000
3.223562500
3.230062500
3.236500000
3.242562500
3.248625000
3.254875000
3.260812500
3.267375000
3.273625000
3.280062500
3.286250000
3.292687500
3.298937500
3.305562500
3.312125000
3.318625000
3.325312500
3.332062500
3.338625000
3.345187500
3.351875000
3.358625000
3.365312500
3.371812500
3.378750000
3.385187500
3.392000000
3.398750000
3.405625000
3.412250000
3.418500000
3.425875000
3.432125000
3.439062500
3.445625000
3.452375000
3.459250000
3.465687500
3.472125000
3.479000000
3.485687500
3.492375000
3.499000000
3.505375000
3.512125000
3.518562500
3.525312500
3.532125000
3.538562500
3.545062500
3.551500000
3.558187500
3.563937500
3.571062500
3.577500000
3.584062500
3.591000000
3.596625000
3.603437500
3.609687500	
3.616062500	
