0.217750000	
0.223125000	
0.228125000	
0.233187500	
0.238125000	
0.242812500	
0.247687500	
0.252812500	
0.257687500	
0.262375000	
0.267750000	
0.272875000	
0.278250000	
0.283312500	
0.288562500	
0.293937500	
0.299187500	
0.304750000	
0.310187500	
0.316062500	
0.321437500	
0.326875000	
0.332250000	
0.337875000	
0.343062500	
0.348312500	
0.353625000	
0.358875000	
0.364125000	
0.368937500	
0.374250000	
0.379687500	
0.384812500	
0.390062500	
0.395500000	
0.400687500	
0.406062500	
0.411375000	
0.416625000	
0.421937500	
0.427187500	
0.432812500	
0.438062500	
0.443375000	
0.448250000	
0.453812500	
0.459062500	
0.464125000	
0.469312500	
0.474687500	
0.479562500	
0.484500000	
0.489812500	
0.494625000	
0.500125000	
0.505000000	
0.510250000	
0.515187500	
0.520000000	
0.525000000	
0.529625000	
0.534687500	
0.539437500	
0.544062500	
0.549000000	
0.553687500	
0.558375000	
0.563062500	
0.568000000	
0.572687500	
0.577375000	
0.582375000	
0.586937500	
0.591750000	
0.596375000	
0.601125000	
0.605812500	
0.610562500	
0.615437500	
0.620125000	
0.625062500	
0.629687500	
0.634500000	
0.639125000	
0.643937500	
0.649000000	
0.653875000	
0.658625000	
0.663562500	
0.668625000	
0.673437500	
0.678375000	
0.683187500	
0.688375000	
0.693375000	
0.698375000	
0.703687500	
0.708875000	
0.714125000	
0.719312500	
0.725000000	
0.730625000	
0.736625000	
0.742625000	
0.748750000	
0.755125000	
0.807937500	
0.813375000	
0.818937500	
0.824625000	
0.829750000	
0.835187500	
0.840625000	
0.846000000	
0.851625000	
0.857812500	
0.863687500	
0.870125000	
0.876687500	
0.882687500	
0.888687500	
0.895375000	
0.902750000	
0.908625000	
0.931875000	
0.937562500	
0.942875000	
0.948312500	
0.953625000	
0.959375000	
0.965062500	
0.970750000	
0.976437500	
0.981937500	
0.987375000	
0.992687500	
0.998187500	
1.004000000	
1.009500000	
1.014937500	
1.020437500	
1.026937500	
1.032812500	
1.038687500	
1.044625000	
1.050875000	
1.056937500	
1.062625000	
1.068625000	
1.075250000	
1.081375000	
1.088000000	
1.094500000	
1.100937500	
1.161375000	
1.166437500	
1.171875000	
1.177937500	
1.183562500	
1.189312500	
1.195000000	
1.201000000	
1.206937500	
1.213125000	
1.218687500	
1.224562500	
1.230625000	
1.236125000	
1.241937500	
1.247750000	
1.253875000	
1.260125000	
1.265750000	
1.271625000	
1.277875000	
1.283437500	
1.289500000	
1.295312500	
1.301375000	
1.307250000	
1.312812500	
1.318625000	
1.324562500	
1.330812500	
1.336687500	
1.342250000	
1.348437500	
1.354125000	
1.360375000	
1.366062500	
1.371875000	
1.378312500	
1.384062500	
1.390187500	
1.396875000	
1.403375000	
1.410375000	
1.417250000	
1.427312500	
1.434375000	
1.441875000	
1.447937500	
1.455312500	
1.462000000	
1.468187500	
1.473750000	
1.479687500	
1.485500000	
1.491375000	
1.497250000	
1.503312500	
1.509562500	
1.515812500	
1.521875000	
1.527812500	
1.533625000	
1.540062500	
1.545937500	
1.552062500	
1.558000000	
1.563687500	
1.570187500	
1.576312500	
1.582562500	
1.588437500	
1.594687500	
1.600750000	
1.607062500	
1.613437500	
1.619000000	
1.625312500	
1.631625000	
1.637812500	
1.644500000	
1.650625000	
1.656875000	
1.663125000	
1.669500000	
1.675562500	
1.681500000	
1.687687500	
1.694062500	
1.700187500	
1.706375000	
1.712562500	
1.719062500	
1.725125000	
1.731375000	
1.736562500	
1.742437500	
1.748187500	
1.754250000	
1.760062500	
1.766125000	
1.947437500	
1.953437500	
1.960062500	
1.967000000	
1.973562500	
1.979937500	
1.986687500	
1.993562500	
2.000500000	
2.007375000	
2.014000000	
2.020750000	
2.027625000	
2.034687500	
2.041562500	
2.048500000	
2.055187500	
2.062187500	
2.069000000	
2.075500000	
2.083187500	
2.088062500	
2.094687500	
2.101000000	
2.107750000	
