0.230000000	
0.235812500	
0.241500000	
0.246750000	
0.252437500	
0.257875000	
0.263500000	
0.269062500	
0.274687500	
0.280125000	
0.286187500	
0.291750000	
0.297562500	
0.303062500	
0.309312500	
0.314812500	
0.320812500	
0.327812500	
0.333750000	
0.340375000	
0.349687500	
0.510437500	
0.515875000	
0.520937500	
0.526437500	
0.531500000	
0.537250000	
0.542437500	
0.547500000	
0.552625000	
0.558125000	
0.563562500	
0.569187500	
0.574125000	
0.579812500	
0.585187500	
0.590875000	
0.596000000	
0.601062500	
0.606625000	
0.611875000	
0.617375000	
0.622750000	
0.628000000	
0.633250000	
0.638625000	
0.644187500	
0.649437500	
0.654750000	
0.660062500	
0.665562500	
0.670875000	
0.676187500	
0.681750000	
0.686875000	
0.692562500	
0.698375000	
0.703625000	
0.709625000	
0.715562500	
0.721937500	
0.727562500	
0.733125000	
0.738375000	
0.743812500	
0.749062500	
0.754312500	
0.759687500	
0.765312500	
0.770937500	
0.776812500	
0.782625000	
0.893812500	
0.899062500	
0.904062500	
0.909875000	
0.915375000	
0.920875000	
0.926562500	
0.932312500	
0.937687500	
0.943500000	
0.948875000	
0.954500000	
0.960125000	
0.965937500	
0.971625000	
0.977312500	
0.983000000	
0.988750000	
0.994562500	
1.000312500	
1.006187500	
1.012062500	
1.017875000	
1.023562500	
1.029562500	
1.035625000	
1.041375000	
1.047250000	
1.052875000	
1.059000000	
1.064875000	
1.070625000	
1.076500000	
1.082500000	
1.088250000	
1.094375000	
1.100437500	
1.106437500	
1.112375000	
1.118375000	
1.124437500	
1.130625000	
1.136625000	
1.142562500	
1.148875000	
1.155125000	
1.161062500	
1.167312500	
1.173437500	
1.179375000	
1.185375000	
1.191937500	
1.198187500	
1.204250000	
1.210375000	
1.216500000	
1.223000000	
1.229062500	
1.235312500	
1.241750000	
1.248875000	
1.256437500	
1.263562500	
1.269000000	
1.292125000	
1.299312500	
1.306312500	
1.312625000	
1.323125000	
1.329000000	
1.336000000	
1.342125000	
1.349000000	
1.355500000	
1.362125000	
1.368437500	
1.374812500	
1.380937500	
1.387062500	
1.393437500	
1.399625000	
1.405125000	
1.411937500	
1.418125000	
1.424562500	
1.430437500	
1.437375000	
1.443000000	
1.449937500	
1.455562500	
1.462187500	
1.468312500	
1.474375000	
1.481125000	
1.488125000	
1.495062500	
1.502125000	
1.509687500	
1.517875000	
1.524062500	
1.555500000	
1.561375000	
1.566937500	
1.573812500	
1.579437500	
1.585687500	
1.591875000	
1.598062500	
1.604625000	
1.610937500	
1.618250000	
1.624375000	
1.629437500	
1.635875000	
1.642500000	
1.649062500	
1.655687500	
1.661687500	
1.668562500	
1.674937500	
1.681000000	
1.687062500	
1.693250000	
1.847500000	
1.853312500	
1.859250000	
1.864937500	
1.870937500	
1.877000000	
1.883187500	
1.889312500	
1.895250000	
1.901937500	
1.908437500	
1.915250000	
1.921187500	
1.927625000	
1.934000000	
1.940625000	
1.947187500	
1.953875000	
1.960500000	
1.967312500	
1.973437500	
1.980000000	
1.986750000	
1.993125000	
1.999625000	
2.006312500	
2.013000000	
2.019437500	
2.026250000	
2.032500000	
2.039187500	
2.046125000	
2.052500000	
2.059062500	
2.066125000	
2.073062500	
2.080250000	
2.087250000	
2.094375000	
