0.221312500
0.226687500
0.231875000
0.237312500
0.242687500
0.247875000
0.253187500
0.258375000
0.263812500
0.269062500
0.274375000
0.279687500
0.285000000
0.290375000
0.295937500
0.301375000
0.306750000
0.312250000
0.317750000
0.323187500
0.328625000
0.334187500
0.339750000
0.345250000
0.350750000
0.356250000
0.361812500
0.367375000
0.372875000
0.378500000
0.384062500
0.389875000
0.395625000
0.401625000
0.407937500
0.414312500
0.420812500
0.427437500
0.433375000
0.439937500	
0.470125000
0.475812500
0.481375000
0.487125000
0.492750000
0.498500000
0.504250000
0.510000000
0.515687500
0.521375000
0.527125000
0.532687500
0.538437500
0.543937500
0.549562500
0.555187500
0.560687500
0.566250000
0.571750000
0.577250000
0.582750000
0.588187500
0.593375000
0.599187500
0.604625000
0.610062500
0.615062500
0.619937500
0.625437500
0.630812500
0.636250000
0.641750000
0.647500000
0.653500000
0.660187500	
0.747562500
0.754250000
0.761187500
0.767437500
0.773812500
0.778937500
0.785500000
0.791937500
0.798500000
0.805000000
0.811437500
0.818062500
0.824750000
0.831062500
0.837562500
0.844187500
0.850687500
0.857125000
0.863750000
0.869937500
0.876437500
0.883000000
0.889500000
0.896812500
0.902625000
0.908937500
0.915437500
0.922000000
0.929000000
0.935500000
0.942437500
0.949187500
0.955875000
0.963000000	
0.973937500	
0.984000000	
1.060187500	
1.066750000	
1.072437500	
1.078062500	
1.084562500
1.090812500
1.097000000
1.103000000	
1.109437500
1.115500000
1.121750000	
1.127812500	
1.133937500
1.140062500
1.146375000
1.152562500
1.158750000
1.164875000
1.171000000
1.178437500
1.184687500
1.191000000
1.196937500
1.203312500
1.209500000
1.215937500
1.222187500
1.227437500	
1.233875000	
1.239937500	
1.247875000
1.254125000
1.260312500
1.267062500
1.272312500	
1.278437500	
1.284937500	
1.291500000
1.298000000
1.304625000
1.311062500
1.317812500
1.325000000
1.332000000
1.338125000
1.343125000
1.350500000
1.354750000
1.361250000
1.487250000
1.492875000
1.498562500
1.504312500
1.509937500
1.515687500
1.521437500
1.527062500
1.532875000
1.538562500
1.544250000
1.549937500
1.555562500
1.561250000
1.566875000
1.572750000
1.578000000
1.583500000
1.588812500
1.594375000
1.599812500
1.605187500
1.610625000
1.616000000
1.621375000
1.626812500
1.632125000
1.637500000
1.642687500
1.648062500
1.653437500
1.658750000
1.664062500
1.669437500
1.674750000
1.680187500
1.685562500
1.690937500
1.696437500
1.701937500
1.707687500
1.713437500
1.719437500
1.725625000
1.732375000
1.738875000	
1.745875000	
1.752187500	
1.758750000	
1.764937500	
1.770625000
1.776187500
1.781812500
1.787187500
1.792500000
1.798000000
1.803875000
1.809312500
1.814687500
1.820187500
1.825625000
1.830812500
1.836750000
1.842000000
1.847625000
1.853062500
1.858937500
1.864625000
1.870437500
1.876312500
1.882375000
1.888250000
1.894250000
1.900000000
1.906375000
1.912625000
1.919062500
1.925562500
1.932000000
1.938750000
1.945250000
1.951812500
1.958312500
1.964812500
1.971500000
1.978000000
1.984562500
1.991250000
1.997812500
2.004500000
2.011125000
2.017937500
2.024750000
2.031562500
2.038375000
2.045312500
2.052125000
2.059062500
2.065937500
2.072937500
2.079750000
2.086562500
2.093375000
2.100375000
2.107312500
2.114312500
2.121250000
2.128125000
2.135062500
2.142187500
2.149125000
2.156187500
2.163437500
2.170750000
2.178187500
2.185625000
2.192000000	
2.199312500	
2.205625000	
2.215500000	
2.227562500	
2.241937500	
2.250625000	
2.258250000
2.265000000
2.271937500
2.278812500
2.285562500
2.292500000
2.299437500
2.305500000	
2.312937500	
2.319812500	
2.327000000	
2.404750000	
2.411562500	
2.418000000	
2.424875000
2.431062500	
2.437125000
2.443750000
2.450312500
2.456875000
2.463187500
2.470625000
2.477000000
2.483500000
2.490000000
2.496375000	
2.504062500	
2.660625000	
2.666687500	
2.672500000
2.678875000
2.685312500
2.691562500
2.697875000
2.706125000
2.712687500
2.717500000	
2.724187500	
2.731000000	
2.738000000	
2.744812500	
2.752625000	
2.759625000	
2.767062500
2.772312500	
2.779562500	
2.786437500	
2.794562500
2.801187500	
2.808687500	
2.815375000	
2.821687500	
2.828875000	
2.836250000
2.842687500
2.850500000
2.857500000
2.864562500
2.871562500
2.878062500
2.885125000
2.892437500
2.899562500
2.905937500
2.913062500
2.920250000
2.927125000
2.934125000
2.941437500
2.948562500
2.955500000
2.962562500
2.969687500
2.976812500
2.983937500
2.990937500
2.998000000	
3.004875000	
3.012312500	
3.019312500	
3.026312500	
