0.241000000	
0.246250000	
0.251562500	
0.256750000	
0.261812500	
0.266875000	
0.272062500	
0.277125000	
0.282187500	
0.287375000	
0.292375000	
0.297562500	
0.302687500	
0.308000000	
0.313437500	
0.319187500	
0.324625000	
0.330500000	
0.336437500	
0.342437500	
0.348500000	
0.354937500	
0.453000000	
0.458125000	
0.463000000	
0.468312500	
0.473500000	
0.478812500	
0.484187500	
0.489500000	
0.494875000	
0.500000000	
0.505562500	
0.510937500	
0.516312500	
0.521687500	
0.527000000	
0.532500000	
0.537875000	
0.543250000	
0.548562500	
0.553875000	
0.559062500	
0.564562500	
0.569875000	
0.575125000	
0.580250000	
0.585500000	
0.590625000	
0.595812500	
0.601000000	
0.606125000	
0.611250000	
0.616250000	
0.621500000	
0.626375000	
0.631687500	
0.636625000	
0.641750000	
0.646687500	
0.651562500	
0.656562500	
0.661437500	
0.666375000	
0.671437500	
0.676312500	
0.681125000	
0.686125000	
0.690812500	
0.695812500	
0.700750000	
0.702125000	
0.705500000	
0.710250000	
0.715125000	
0.719937500	
0.724812500	
0.729625000	
0.734375000	
0.739375000	
0.744375000	
0.749187500	
0.754062500	
0.759062500	
0.764000000	
0.768812500	
0.773875000	
0.779062500	
0.784312500	
0.789437500	
0.794687500	
0.799812500	
0.805125000	
0.810187500	
0.815500000	
0.820750000	
0.826000000	
0.831250000	
0.836437500	
0.841750000	
0.847000000	
0.852312500	
0.857687500	
0.862937500	
0.868437500	
0.873937500	
0.880875000	
1.051562500	
1.056562500	
1.061937500	
1.067250000	
1.072562500	
1.077812500	
1.083437500	
1.088625000	
1.094250000	
1.099625000	
1.105750000	
1.111875000	
1.217000000	
1.222000000	
1.227062500	
1.232187500	
1.237250000	
1.242375000	
1.247500000	
1.252750000	
1.257750000	
1.262937500	
1.268062500	
1.273125000	
1.278375000	
1.283500000	
1.288625000	
1.293625000	
1.298750000	
1.304000000	
1.308937500	
1.314125000	
1.319250000	
1.324500000	
1.329562500	
1.334625000	
1.339687500	
1.344875000	
1.350000000	
1.355125000	
1.360312500	
1.365437500	
1.370562500	
1.375750000	
1.380937500	
1.386250000	
1.391500000	
1.396750000	
1.401875000	
1.407187500	
1.412375000	
1.417687500	
1.423000000	
1.428187500	
1.433437500	
1.438750000	
1.444062500	
1.449437500	
1.454687500	
1.460125000	
1.465437500	
1.470937500	
1.476250000	
1.481750000	
1.487312500	
1.492937500	
1.498562500	
1.503750000	
1.509187500	
1.514812500	
1.520062500	
1.525437500	
1.530875000	
1.536250000	
1.541750000	
1.547625000	
1.553875000	
1.559312500	
1.566375000	
1.658562500	
1.664500000	
1.670000000	
1.710375000	
1.715437500	
1.720875000	
1.726562500	
1.732125000	
1.737687500	
1.743250000	
1.748312500	
1.753812500	
1.759250000	
1.764937500	
1.770750000	
1.776562500	
1.782250000	
1.788687500	
1.793937500	
1.799687500	
1.805500000	
1.811312500	
1.817000000	
1.822750000	
1.829125000	
1.834500000	
1.840375000	
1.845937500	
1.851750000	
1.857625000	
1.863312500	
1.868937500	
1.875000000	
1.880625000	
1.886937500	
1.892750000	
1.898562500	
1.904187500	
1.909937500	
1.915875000	
1.922000000	
1.927500000	
1.933375000	
1.939375000	
1.945250000	
1.951250000	
1.956937500	
1.963187500	
1.969062500	
1.974937500	
1.981000000	
1.987187500	
1.993062500	
1.999187500	
2.005250000	
2.011375000	
2.018062500	
2.024437500	
2.030375000	
2.036312500	
2.042375000	
2.048437500	
2.054250000	
2.060250000	
2.065875000	
2.071812500	
2.077687500	
2.083500000	
2.089375000	
2.095375000	
2.101250000	
