0.218812500
0.229062500
0.234500000
0.239375000
0.244375000
0.249562500
0.254875000
0.260000000
0.265125000
0.270375000
0.275562500
0.280687500
0.285937500
0.291125000
0.296312500
0.301687500
0.306937500
0.312437500
0.317812500
0.323125000
0.328562500
0.334062500
0.339437500
0.344875000
0.350000000
0.355625000
0.361250000
0.366562500
0.372250000
0.377937500
0.383500000
0.389125000
0.394750000
0.400375000
0.406125000
0.411687500
0.417500000
0.423125000
0.428687500
0.434250000
0.439750000
0.445312500
0.450687500
0.455937500
0.461312500
0.466687500
0.471812500
0.477000000
0.482125000
0.487500000
0.493312500	
0.654812500
0.659750000
0.664875000
0.670187500
0.675062500
0.680125000
0.685312500
0.690250000
0.695375000
0.700437500
0.705437500
0.710750000
0.715875000
0.720812500
0.725937500
0.731125000
0.735937500
0.741187500
0.746062500
0.751125000
0.756125000
0.761250000
0.766375000
0.771625000
0.776625000
0.781750000
0.786875000
0.792062500
0.797312500
0.802437500
0.807375000
0.812500000
0.817437500
0.822687500
0.827750000
0.832562500
0.837750000
0.842875000
0.848125000
0.853187500
0.858875000
0.863750000
0.868687500
0.874312500
0.879500000
0.884687500
0.889625000
0.894812500
0.899500000
0.904562500
0.909937500
0.915187500
0.920375000
0.925500000
0.930687500
0.936187500
0.941312500
0.946875000
0.952062500
0.957562500
0.963125000
0.968562500
0.973875000
0.979312500
0.984750000
0.990625000
0.996125000
1.001687500
1.007375000
1.012750000
1.018312500
1.024000000
1.029812500
1.035312500
1.041062500
1.046812500
1.052062500
1.057812500
1.063812500
1.069062500
1.074937500
1.080312500
1.086062500
1.091750000
1.097062500
1.102437500
1.108437500
1.113562500
1.119312500
1.125250000
1.130750000
1.136187500
1.141750000
1.147125000
1.152812500
1.158312500
1.163750000
1.169312500
1.174750000
1.180250000
1.185687500
1.191500000
1.197250000
1.203187500
1.208750000
1.214625000
1.220250000
1.226562500
1.232250000
1.238625000
1.244750000
1.250687500
1.256687500
1.262562500
1.268375000
1.274000000
1.279687500
1.285812500
1.291375000
1.297062500
1.303125000
1.308812500
1.314875000
1.320187500
1.326750000
1.332687500
1.338437500
1.344375000
1.350437500
1.356500000
1.363000000	
1.441312500
1.447062500
1.453250000
1.459250000
1.465625000
1.471875000
1.478125000
1.484937500
1.490937500
1.497187500
1.503250000
1.509562500
1.516437500
1.523312500	
1.531125000	
1.541312500	
1.575375000	
1.590375000	
1.600187500	
1.606562500
1.612500000
1.619250000
1.625312500
1.630750000
1.636437500
1.642312500
1.648312500
1.654375000
1.660562500
1.666687500
1.673062500
1.679500000
1.686000000
1.692500000
1.699250000
1.705937500
1.712500000
1.719187500
1.725687500
1.732125000
1.738437500
1.744687500
1.750937500
1.757000000
1.763062500
1.769125000
1.775125000
1.781062500
1.787062500
1.793125000
1.799375000
1.805875000	
1.812687500	
1.965000000
1.971375000
1.978000000
1.984250000
1.990687500
1.996562500	
2.003375000	
2.009437500	
2.015750000
2.023062500
2.028875000
2.035437500
2.042437500
2.049000000	
2.056000000	
2.062000000	
2.068937500
2.075375000	
2.082062500
2.088875000
2.095500000
2.102062500
2.108562500
2.115187500
2.121625000
2.128250000
2.134875000
2.141625000
2.148312500
2.154875000
2.167750000	
2.174625000	
2.180875000	
2.187562500	
2.194000000	
2.201187500	
2.207937500	
2.215562500	
2.222500000	
2.229250000	
2.236250000	
