0.244687500
0.249812500
0.255062500
0.260125000
0.265187500
0.270187500
0.275187500
0.280375000
0.285500000
0.290812500
0.295750000
0.301062500
0.306312500
0.311437500
0.316687500
0.322062500
0.327312500
0.332750000
0.338187500
0.343437500
0.348937500
0.354312500
0.359687500
0.365000000
0.370562500
0.375875000
0.381062500
0.386312500
0.391687500
0.397125000
0.402375000
0.407937500
0.413312500
0.418750000
0.424125000
0.429562500
0.434937500
0.440250000
0.445562500
0.450875000
0.456437500
0.461625000
0.467250000
0.472812500
0.478000000
0.483375000
0.488812500
0.494187500
0.499437500
0.505125000
0.510500000
0.515937500
0.521250000
0.526937500
0.532312500
0.537625000
0.543187500
0.548812500
0.554250000
0.559562500
0.564937500
0.570562500
0.575875000
0.581500000
0.586875000
0.592250000
0.597875000
0.602937500
0.608812500
0.614062500
0.619437500
0.625000000
0.630312500
0.635625000
0.640875000
0.646375000
0.651500000
0.656812500
0.662187500
0.667500000
0.672812500
0.678500000
0.683500000
0.689000000
0.694312500
0.699687500
0.705000000
0.710375000
0.715625000
0.721000000
0.726187500
0.731625000
0.736687500
0.742062500
0.747562500
0.753187500
0.758437500
0.764187500
0.769250000
0.774500000
0.779687500
0.785062500
0.790500000
0.796000000
0.801250000
0.806687500
0.812062500
0.817437500
0.822687500
0.828312500
0.833500000
0.839250000
0.844500000
0.850437500
0.856187500
0.862437500
0.869062500
0.875437500
0.882000000
0.888500000	
0.943625000
0.949250000
0.954812500
0.960500000
0.966062500
0.971437500
0.976875000
0.982437500
0.988062500
0.993437500
0.999250000
1.004937500
1.010875000
1.016062500
1.021625000
1.027687500
1.033875000
1.040312500
1.046375000
1.053062500
1.059312500
1.065500000
1.071750000
1.077875000
1.083750000
1.089937500
1.095812500
1.101875000
1.107875000
1.113937500
1.119875000
1.126125000
1.132125000
1.138062500
1.144125000
1.150062500
1.155937500
1.162187500
1.168187500
1.174125000
1.180625000
1.186250000	
1.192687500
1.198812500
1.204875000
1.211062500
1.216812500
1.223250000
1.229250000
1.234937500
1.241062500
1.247687500
1.253750000
1.259500000
1.265500000
1.271687500
1.277750000
1.284125000
1.290000000
1.296500000
1.302437500
1.308500000
1.315000000
1.321312500
1.327437500
1.333000000
1.339875000
1.345500000
1.351687500	
1.358125000	
1.364000000	
1.369875000	
1.376125000	
1.382250000	
1.388375000	
1.394812500	
1.401312500	
1.408250000	
1.415000000	
1.421812500	
1.428375000
1.434750000
1.440875000
1.447062500
1.454000000
1.459875000
1.465875000
1.472250000
1.478812500
1.485312500
1.492125000	
1.498562500
1.505562500
1.511937500
1.518500000
1.525250000
1.531562500
1.537937500
1.544250000
1.550937500
1.557625000
1.564625000
1.571500000
1.578187500
1.584687500
1.591125000
1.598500000
1.604562500
1.611312500
1.618000000
1.625562500
1.631375000
1.638125000
1.644625000
1.651125000
1.657625000
1.664625000	
1.671250000	
1.677625000	
1.684187500	
1.690687500	
1.697187500	
1.703562500	
1.710187500	
1.716562500	
1.723187500	
1.729437500	
1.736062500	
1.742937500	
1.749187500	
1.849625000	
1.855937500	
1.862312500
1.868562500
1.875250000	
1.882000000	
1.888000000	
1.894750000	
1.901625000	
1.907500000	
1.914187500	
1.920562500	
1.927312500	
1.933312500	
1.939687500	
1.946312500	
1.952562500	
1.959437500	
1.965125000
1.971937500	
1.979250000
1.985312500	
1.997937500	
2.004187500
2.010562500
2.016875000
2.023250000
2.029750000
2.036125000
2.042375000
2.048750000
2.055937500	
2.061750000	
2.068125000	
2.073875000
2.080187500
2.086750000	
2.093250000	
2.099187500	
2.105750000	
2.112250000	
