0.242937500
0.248250000
0.253875000
0.259375000
0.264687500
0.270187500
0.275687500
0.281062500
0.286562500
0.292000000
0.297437500
0.302812500
0.308250000
0.313687500
0.319125000
0.324625000
0.330125000
0.335562500
0.341125000
0.346625000
0.352187500
0.357750000
0.363312500
0.368875000
0.374500000
0.380125000
0.385687500
0.391250000
0.396687500
0.402125000
0.407625000
0.413250000
0.418812500
0.424437500
0.429937500
0.435562500
0.441125000
0.446687500
0.452312500
0.457875000
0.463312500
0.468750000
0.474250000
0.479562500
0.484875000
0.490187500
0.495312500
0.500500000
0.505562500
0.510687500
0.515812500
0.521125000
0.526625000	
0.637000000
0.642125000
0.646937500
0.652562500
0.657875000
0.663187500
0.668562500
0.674062500
0.679500000
0.685062500
0.690562500
0.696000000
0.701812500
0.707312500
0.712875000
0.718812500
0.724250000
0.730250000
0.735812500
0.741625000
0.747500000
0.753250000
0.759125000
0.764812500
0.770562500
0.776250000
0.782125000
0.787750000
0.793437500
0.799250000
0.804875000
0.810625000
0.816312500
0.822000000
0.827687500
0.833312500
0.839125000
0.844750000
0.850437500
0.856000000
0.861750000
0.867437500
0.873250000
0.878937500
0.884687500
0.890312500
0.896312500
0.902125000
0.908062500
0.913937500
0.919875000
0.925750000
0.931562500
0.937500000
0.943437500
0.949125000	
0.955000000	
0.962125000
0.968125000	
0.974250000
0.979312500
0.985562500	
1.141875000
1.147062500
1.152562500
1.158250000
1.164125000
1.170000000
1.175937500
1.181937500
1.187875000
1.194062500
1.199875000
1.206187500
1.212062500
1.218375000
1.224437500
1.230750000
1.236812500
1.243062500
1.249187500
1.255250000
1.261437500
1.267562500
1.273687500
1.279875000
1.286062500
1.292250000
1.298375000
1.304562500
1.310687500
1.316812500
1.322875000
1.328937500
1.334937500
1.341000000
1.347000000
1.353000000
1.358937500
1.364937500
1.370875000
1.376875000
1.382875000
1.388937500
1.394937500
1.401187500
1.407875000
1.414437500
1.421562500	
1.429562500	
1.441937500	
1.453937500	
1.471687500	
1.483562500
1.494625000
1.501812500	
1.508125000	
1.514062500	
1.519812500	
1.525875000	
1.532062500	
1.538250000	
1.544187500	
1.550250000	
1.556000000	
1.562375000	
1.568500000
1.574562500
1.580625000
1.586812500
1.592937500
1.599000000	
1.605125000
1.611062500	
1.617250000	
1.623437500
1.629500000	
1.634937500
1.640375000
1.646625000
1.652812500	
1.659062500	
1.665250000	
1.671562500	
1.677875000	
1.684062500	
1.690062500	
1.696312500	
1.702437500	
1.708562500	
1.714562500	
1.720750000	
1.726812500	
1.733125000	
1.739312500	
1.745312500	
1.751625000	
1.757687500	
1.763875000	
1.770187500	
1.776187500	
1.782437500	
1.788562500	
1.794625000
1.800875000
1.807000000	
1.813187500	
1.819250000
1.825375000
1.831312500
1.837250000
1.843250000
1.849062500
1.855187500
1.860937500
1.866750000
1.872250000
1.878000000	
1.883812500	
1.889875000	
1.895812500	
1.901625000	
1.907250000	
1.913375000	
1.919125000	
1.925375000	
1.931625000	
1.938000000	
1.944937500	
1.960125000	
1.987750000	
2.009750000	
2.023750000	
2.034812500
2.041437500
2.052687500
2.059500000	
2.065375000	
2.071000000	
2.077500000	
2.083750000	
2.089750000	
2.096500000	
2.102875000	
2.109625000	
2.116125000	
2.122750000	
2.129625000	
2.135125000	
2.142000000	
2.148375000	
2.155125000	
2.161875000	
2.169000000	
2.175625000	
2.182562500
2.189312500
2.195875000	
2.203000000	
2.209625000	
2.216500000
2.223437500
2.229500000	
2.236500000	
2.244125000	
2.250250000	
2.257750000	
2.264625000	
2.270875000	
2.277500000	
2.284375000	
2.291250000	
2.298000000	
2.304250000	
2.310500000	
2.316625000	
2.323000000	
2.329500000	
2.336250000	
2.342625000	
2.348250000	
2.354625000	
2.361750000	
