0.225625000
0.230500000
0.235562500
0.240750000
0.245937500
0.251125000
0.256250000
0.261375000
0.266500000
0.271625000
0.276750000
0.281937500
0.287187500
0.292375000
0.297625000
0.302875000
0.308250000
0.313562500
0.318937500
0.324375000
0.329812500
0.335250000
0.340687500
0.346125000
0.351562500
0.357000000
0.362375000
0.367750000
0.373125000
0.378562500
0.383937500
0.389250000
0.394625000
0.399937500
0.405312500
0.410625000
0.416000000
0.421437500
0.427062500
0.432687500
0.438500000
0.444437500
0.450562500
0.456687500
0.462687500
0.468687500
0.474687500
0.480500000
0.486000000
0.491562500
0.497062500
0.502500000
0.508000000
0.513375000
0.518812500
0.524375000
0.530125000
0.535187500
0.540875000
0.546187500
0.551812500
0.557375000
0.562875000
0.568562500
0.574250000
0.580000000
0.585250000
0.590812500
0.596312500
0.601875000
0.607687500
0.613062500
0.618250000
0.623875000
0.628937500
0.634437500
0.640000000
0.645687500
0.747687500
0.752500000
0.757437500
0.762312500
0.767187500
0.772125000
0.777062500
0.782000000
0.786812500
0.791812500
0.796750000
0.801750000
0.806625000
0.811625000
0.816562500
0.821500000
0.826437500
0.831312500
0.836187500
0.841125000
0.846125000
0.851125000
0.856375000
1.011062500
1.015875000
1.020812500
1.025875000
1.030937500
1.036125000
1.041312500
1.046500000
1.051687500
1.057062500
1.062187500
1.067500000
1.072812500
1.078187500
1.083562500
1.088812500
1.094125000
1.099437500
1.104937500
1.110312500
1.115687500
1.121187500
1.126687500
1.132187500
1.137562500
1.143375000
1.148875000
1.154375000
1.160062500
1.165625000
1.171250000
1.176937500
1.182687500
1.188250000
1.194437500
1.200312500
1.206187500
1.212187500
1.218187500
1.224187500
1.230250000
1.236312500
1.242437500
1.248562500
1.254625000
1.260750000
1.266812500
1.273500000
1.279562500
1.285375000
1.291375000
1.297250000
1.302875000	
1.309062500	
1.499875000
1.505687500
1.511562500
1.517187500
1.523125000
1.528937500
1.535000000
1.540937500
1.547000000
1.553687500	
1.633125000
1.639187500
1.645125000
1.651187500
1.657125000
1.663250000
1.669187500
1.674875000
1.681062500
1.686937500
1.693187500
1.699312500
1.705625000
1.711812500
1.718000000
1.723875000
1.730125000
1.737000000
1.742812500
1.749062500
1.755312500
1.761812500
1.768187500
1.774250000
1.780562500
1.787062500
1.793562500
1.799375000
1.805625000
1.812000000
1.818187500
1.824625000
1.831687500
1.837875000
1.844125000
1.850187500
1.856750000
1.863000000
1.869187500
1.875500000
1.881812500
1.888250000
1.894312500
1.899500000
1.906625000
1.912500000
1.918250000
1.925625000
1.932187500
1.938375000
1.943187500
1.949750000
1.956000000
1.962000000
1.968000000
1.974125000
1.980000000
1.986125000
1.991812500
1.997875000
2.003625000
2.009062500
2.014687500
2.020437500
2.026000000
2.031375000
2.036875000
2.042437500
2.048125000
2.053937500
2.059812500
2.065812500
2.071875000
2.077937500
2.084000000
2.091250000	
2.097562500	
2.103750000	
2.109875000	
2.116312500	
2.122437500	
2.128437500	
2.134375000	
2.140437500	
2.145937500	
2.150937500
2.157187500
2.163000000
2.168812500
2.174625000
2.180437500
2.186250000
2.192062500
2.198000000
2.203812500
2.209812500
2.215750000
2.221750000
2.227812500
2.233437500
2.239812500
2.245500000
2.252000000
2.258062500
2.264125000
2.270187500
2.276250000
2.282062500
2.288437500
2.294562500
2.300187500
2.306750000
2.312750000
2.319062500
2.324562500
2.331000000
2.337000000
2.343000000
2.349062500
2.355062500
2.361062500
2.367000000
2.373000000
2.378875000
2.384875000
2.390812500
2.396687500
2.402875000
2.408750000
2.414812500
2.420625000
2.426812500
2.433000000
2.439375000
2.445250000
2.451875000	
2.462750000
2.473500000	
2.545625000
2.556875000
2.562250000
2.568750000
2.574500000
2.580437500
2.586375000
2.592375000
2.598312500
2.604375000
2.610437500
2.616500000
2.622875000
2.628875000
2.634937500
2.641375000
2.647187500
2.653875000
2.659875000
2.665812500
2.672312500
2.679312500
2.685562500	
2.692000000	
2.696875000
2.844875000
2.850812500
2.857312500
2.863750000
2.870375000
2.877125000
2.883375000
2.889875000
2.896500000
2.903187500
2.909687500
2.916250000
2.922375000
2.928812500
2.935125000
2.941687500
2.949125000
2.955500000
2.961875000
2.968375000
2.974687500	
2.981312500	
2.988062500	
2.993937500
2.999750000
