0.241812500
0.251750000
0.257187500
0.262562500
0.268000000
0.273437500
0.278812500
0.284312500
0.289750000
0.295062500
0.300437500
0.305812500
0.311187500
0.316687500
0.322437500
0.328312500
0.334375000
0.341250000	
0.517500000
0.522312500
0.527500000
0.532687500
0.538125000
0.542437500
0.548625000
0.554000000
0.559625000
0.564687500
0.570312500
0.575750000
0.580937500
0.586375000
0.591687500
0.597125000
0.602250000
0.607625000
0.612875000
0.618312500
0.623562500
0.628875000
0.634062500
0.639312500
0.644375000
0.649750000
0.654812500
0.659937500
0.665000000
0.670187500
0.675187500
0.680312500
0.685375000
0.690437500
0.695312500
0.700500000
0.705375000
0.710437500
0.715562500
0.720625000
0.726000000
0.731562500
0.737187500
0.742437500
0.747875000
0.753562500
0.759312500
0.764562500
0.769937500
0.775125000
0.780000000
0.785437500
0.790312500
0.795687500
0.800875000
0.806125000
0.811375000
0.816687500
0.822000000
0.827312500
0.832750000
0.838250000
0.843687500
0.849312500
0.854937500
0.860625000
0.866625000
0.872687500
0.878687500
0.884500000
0.890312500
0.896437500
0.902312500
0.908062500
0.913562500
0.919062500
0.924562500
0.930125000
0.935375000
0.941000000
0.946312500
0.951750000
0.957187500
0.962625000
0.968250000
0.974000000
0.979875000	
0.987562500	
1.096125000
1.101562500
1.106875000
1.112312500
1.117875000
1.123437500
1.129062500
1.134687500
1.140187500
1.145812500
1.151437500
1.157062500
1.162687500
1.168062500
1.173812500
1.179437500
1.185000000
1.190687500
1.196187500
1.201812500
1.207312500
1.212750000
1.218187500
1.223625000
1.229062500
1.234375000
1.239687500
1.245000000
1.250437500
1.255687500
1.260937500
1.266125000
1.271312500
1.276500000
1.281625000
1.286812500
1.292125000
1.378687500
1.383750000
1.389187500
1.395000000
1.400937500
1.407062500
1.412937500	
1.419062500	
1.460625000
1.465875000
1.471312500	
1.476625000
1.482125000
1.487750000
1.493187500
1.498750000
1.504312500	
1.509937500
1.515500000
1.521000000
1.526562500
1.532250000
1.537937500
1.543562500
1.549250000
1.554937500
1.560562500
1.566187500
1.571812500
1.577562500
1.583125000
1.588812500
1.594437500
1.600125000
1.605937500
1.611562500
1.617312500
1.623062500
1.628937500
1.634687500
1.640500000
1.646375000
1.652187500
1.658187500
1.664062500
1.670125000
1.676562500
1.683375000
1.690250000
1.696562500	
1.704437500	
1.710812500	
1.717000000	
1.722750000	
1.729437500	
1.735437500	
1.739500000	
1.746250000
1.752250000
1.758312500
1.764437500
1.770562500
1.776687500
1.782875000
1.789062500
1.795312500
1.801312500
1.807687500
1.813812500
1.819750000
1.825875000
1.832062500
1.838687500
1.844187500
1.850250000
1.856375000
1.862312500
1.868437500
1.874375000
1.880625000
1.886625000
1.892625000
1.898500000
1.904625000
1.910500000
1.916437500
1.922500000
1.928187500
1.934000000
1.939937500
1.945812500
1.951687500
1.957500000
1.963250000
1.969000000
1.974687500
1.980187500
1.986062500
1.991687500
1.997625000
2.003312500
2.009000000
2.014750000
2.020187500
2.025937500
2.031500000
2.037125000
2.042750000
2.048312500
2.053687500
2.059062500
2.064437500
2.069750000
2.075375000
2.081187500	
2.358250000
2.363875000
2.369312500
2.374875000
2.380500000
2.386250000
2.392062500
2.397625000
2.403562500
2.409750000
2.416250000
2.422375000
2.428625000
2.435000000
2.441312500
2.447875000
2.454437500
2.460937500
2.467625000
2.474250000
2.480812500
2.486875000
2.493625000
2.500687500
2.507437500
2.514562500
2.521187500
2.527500000	
