0.223437500
0.228312500
0.233000000
0.237812500
0.242562500
0.247250000
0.252000000
0.256687500
0.261437500
0.266312500
0.271312500
0.276562500
0.282437500	
0.371312500
0.375562500
0.379812500
0.384250000
0.388625000
0.393125000
0.397687500
0.402375000
0.407375000
0.413125000	
0.581562500
0.586687500
0.591625000
0.596937500
0.602062500
0.607250000
0.612687500
0.617937500
0.623187500
0.628562500
0.634375000
0.639687500
0.645062500
0.650500000
0.655750000
0.661062500
0.666437500
0.671687500
0.677062500
0.682375000
0.687750000
0.693125000
0.698500000
0.703875000
0.709250000
0.714625000
0.720062500
0.725437500
0.730812500
0.736187500
0.742062500
0.746937500
0.752312500
0.757625000
0.763062500
0.768437500
0.773875000
0.779312500
0.784812500
0.790312500
0.795875000
0.801437500
0.807062500
0.812687500
0.818375000
0.824125000
0.830250000
0.836062500
0.841562500
0.847500000
0.853312500
0.859437500
0.865437500
0.871375000
0.877375000
0.883375000
0.889375000
0.895375000
0.901625000
0.907687500
0.913812500
0.920000000
0.926250000
0.932500000
0.938687500
0.944875000
0.951062500
0.957312500
0.963375000
0.969812500
0.976062500
0.982187500
0.988375000
0.994250000
1.000375000
1.006500000
1.012500000
1.018500000
1.024562500
1.030625000
1.036562500
1.042625000
1.048500000
1.053562500
1.059250000
1.066375000
1.070687500
1.076625000	
1.291937500
1.297375000
1.303750000
1.308750000
1.314375000
1.320125000
1.326062500
1.332062500
1.337875000
1.343750000
1.349812500
1.355500000
1.362500000
1.368500000
1.374375000
1.380500000
1.386625000
1.392187500
1.398250000
1.404437500
1.410375000
1.416562500
1.423125000
1.429250000
1.434750000
1.441437500
1.446937500
1.453125000
1.459375000
1.465500000
1.472250000
1.478625000
1.484812500
1.491125000
1.497437500
1.503812500
1.510312500
1.516500000
1.523437500
1.530562500
1.537875000
1.545250000
1.552375000
1.559375000
1.566250000
1.572687500
1.578937500
1.585250000
1.591375000
1.597687500
1.604625000
1.610875000
1.617187500
1.623500000
1.629750000
1.636062500
1.642500000
1.648812500
1.655250000
1.661687500
1.668125000
1.674687500
1.681125000
1.687562500
1.694125000
1.700500000
1.707062500
1.713562500
1.720125000
1.726562500
1.733125000
1.739750000
1.746437500
1.753000000
1.759187500
1.766250000
1.772812500
1.779375000
1.785812500
1.792250000
1.799187500
1.805750000
1.812062500
1.818812500
1.825312500
1.831812500
1.839000000
1.845125000
1.851812500
1.858812500
1.865750000
1.872437500
1.878875000
1.885375000
1.892000000
1.898750000
1.905812500
1.911562500
1.918625000
1.925625000
1.932500000
1.939000000
1.945687500
1.951812500	
1.959875000
1.965312500
1.972000000
1.979250000
1.986125000
1.993000000
2.000062500
2.006812500
2.013375000
2.020625000
2.027312500
2.034125000
2.041187500
2.048000000
2.055062500
2.061312500
2.068187500
2.075000000
2.081812500
2.088187500
2.094125000	
2.100812500	
2.108062500	
2.114437500	
2.120875000	
2.128000000	
2.133812500	
2.140562500	
2.147812500	
2.147812500	
