0.219000000	
0.224125000
0.229187500
0.234562500
0.239812500
0.245187500
0.250437500
0.255687500
0.260875000
0.266125000
0.271250000
0.276437500
0.281562500
0.286687500
0.291875000
0.296937500
0.302000000
0.307062500
0.312000000
0.317062500
0.321937500
0.326937500
0.331875000
0.336812500
0.341750000
0.346750000
0.351812500
0.357250000
0.515062500
0.520625000
0.526375000
0.532187500
0.538062500
0.544000000
0.550000000
0.555937500
0.561937500
0.568062500
0.574000000
0.580000000
0.586062500
0.592125000
0.598187500
0.604312500
0.610312500
0.616437500
0.622562500
0.628687500
0.634625000
0.640750000
0.646750000
0.652812500
0.658812500
0.664875000
0.671000000
0.677000000
0.683062500
0.689000000
0.695062500
0.701062500
0.707000000
0.713000000
0.718875000	
0.724750000	
0.730687500	
0.736562500	
0.742875000	
0.749375000	
0.755375000	
0.761125000	
0.766812500	
0.772500000	
1.013875000
1.019125000
1.024375000
1.029625000
1.034812500
1.039937500
1.045125000
1.050250000
1.055375000
1.060562500
1.065687500
1.070812500
1.076000000
1.081125000
1.086312500
1.091500000
1.096812500
1.102062500
1.107250000
1.112500000
1.117812500
1.123125000
1.128500000
1.133812500
1.139000000
1.144375000
1.149625000
1.154812500
1.160000000
1.165187500
1.170375000
1.175562500
1.180812500
1.186062500
1.191500000
1.197125000
1.203000000
1.209250000	
1.216187500	
1.359937500
1.365812500
1.376812500
1.382750000
1.388625000
1.394437500
1.401312500
1.407062500
1.412875000
1.418500000
1.424312500
1.430000000
1.435812500
1.441437500
1.447125000
1.452937500
1.458625000
1.464187500
1.470000000
1.474687500
1.481500000
1.487187500
1.493062500
1.498750000
1.504625000
1.510437500
1.515125000
1.522062500
1.528000000
1.533812500
1.538812500
1.545875000
1.551812500
1.557937500
1.564125000
1.570125000
1.576375000
1.582562500
1.587750000	
1.594187500
1.600562500
1.607312500	
1.613750000	
1.620250000	
1.627125000	
1.634062500	
1.640687500	
1.647875000	
1.654437500	
1.661687500
1.668750000
1.675750000
1.684500000
1.690187500
1.703750000	
1.709250000
1.723687500	
1.730125000
1.738937500
1.744437500
1.750750000
1.757500000	
1.763937500	
1.769812500	
1.776187500
1.782562500
1.788875000
1.795125000
1.801437500
1.807687500
1.814062500
1.820437500
1.826375000
1.833187500
1.839500000
1.845750000
1.852000000
1.858500000
1.864625000
1.871187500
1.877187500
1.883687500
1.890187500
1.896375000
1.902812500	
1.909312500	
1.915562500	
1.921875000	
1.928000000	
1.934375000	
1.940875000	
1.947250000	
1.953312500	
1.959500000	
1.966187500	
2.095000000
2.100812500
2.106812500
2.112875000
2.119062500
2.125125000
2.131250000
2.137375000
2.143562500
2.149687500
2.155875000
2.161937500
2.168062500	
2.174062500	
2.180375000	
2.186375000	
2.194125000	
2.200187500	
2.206250000	
2.212062500	
2.218125000	
2.226875000	
2.349062500
2.355687500
2.362062500
2.368812500
2.375500000
2.382125000
2.388937500
2.395750000
2.402437500
2.409250000
2.416062500	
2.423000000	
2.429812500	
2.436687500	
2.443500000	
2.450562500	
2.460500000	
2.472062500	
