0.2445
0.24906
0.25412
0.25875
0.26344
0.26825
0.27325
0.27819
0.28419
0.28937
0.29438
0.2995
0.43444
0.439
0.44381
0.44875
0.45337
0.45819
0.46269
0.46775
0.47244
0.47725
0.48181
0.48656
0.49094
0.49575
0.50044
0.50494
0.50962
0.51419
0.51881
0.52312
0.52794
0.53269
0.53712
0.54163
0.54638
0.55075
0.55531
0.56006
0.56469
0.56912
0.5735
0.57819
0.58288
0.58731
0.59175
0.59656
0.601
0.60588
0.61025
0.61506
0.61981
0.62456
0.62906
0.63406
0.63856
0.64344
0.64825
0.65294
0.65775
0.66263
0.66731
0.67237
0.67688
0.682
0.68675
0.69144
0.69675
0.701
0.70594
0.71081
0.71637
0.72231
0.86513
0.86962
0.87431
0.87894
0.88338
0.88819
0.89275
0.89706
0.90194
0.90638
0.91106
0.91544
0.92025
0.92475
0.9295
0.93381
0.9385
0.943
0.94788
0.95281
0.95831
0.96344
0.96875
0.97431
0.97969
0.98544
0.99131
0.99675
1.0025
1.0086
1.0144
1.0201
1.0948
1.1
1.1053
1.1104
1.1165
1.1217
1.1265
1.1316
1.137
1.1431
1.1484
1.153
1.1593
1.1645
1.1701
1.1756
1.1809
1.1863
1.1919
1.1975
1.2029
1.2084
1.2138
1.2193
1.225
1.2305
1.2352
1.2406
1.2464
1.2525
1.2581
1.2627
1.2689
1.2737
1.2794
1.2854
1.2904
1.2957
1.3012
1.3075
1.3123
1.3174
1.324
1.3292
1.3346
1.3399
1.3456
1.351
1.3565
1.3616
1.3669
1.3718
1.4542
1.4588
1.464
1.4694
1.4756
1.481
1.4855
1.491
1.4963
1.5019
1.5074
1.5128
1.5184
1.5234
1.5292
1.5344
1.5402
1.5455
1.5508
1.5559
1.5611
1.5666
1.5718
1.5771
1.5825
1.5878
1.5928
1.5979
1.6033
1.6084
1.6133
1.619
1.6239
1.6288
1.6346
1.7416
1.7463
1.752
1.7573
1.7628
1.7686
1.7739
1.7794
1.7849
1.7905
1.7968
1.8014
1.8079
1.8134
1.8193
1.8241
1.8297
1.8354
1.8411
1.8465
1.8525
1.8583
1.864
1.8699
1.8758
1.8817
1.8874
1.8933
1.899
1.9049
1.9107
1.9166
1.9226
1.9284
1.9344
1.9401
1.946
1.9518
1.9576
1.9638
1.9702
1.9761
1.9817
1.9874
1.993
1.9987
2.0042
2.0103
2.0161
2.0221
2.0281
2.0341
2.0403
2.0463
2.0524
2.0589
2.0649
2.0704
2.0768
2.0826
2.0885
2.0937
2.0987
2.1045
2.1103
2.1162
2.1221
2.1289
2.1338
2.1398
2.1456
2.1518
2.1571
2.1631
2.1687
2.1746
2.1804
2.1863
2.1924
2.1984
2.2041
2.2099
2.2157
2.2227
2.2281
2.2342
2.2399
2.2456
2.2513
2.2562
2.2614
2.2667
2.2742
2.28
2.2862
2.2963
