0.216812500
0.221250000
0.226125000
0.231062500
0.236125000
0.241062500
0.246062500
0.251250000
0.256750000
0.262375000
0.268000000
0.273750000
0.280312500	
0.285937500
0.350187500
0.355437500
0.360625000
0.366000000
0.371312500
0.376625000
0.381937500
0.387437500
0.392875000
0.398187500
0.403687500
0.409062500
0.414625000
0.420562500
0.426250000
0.431750000
0.437312500
0.442937500
0.447750000
0.453312500
0.458812500
0.464437500
0.469937500
0.475625000
0.481125000
0.486687500
0.492312500
0.497812500
0.503312500
0.508750000
0.514125000
0.519750000
0.525000000
0.530375000
0.535812500
0.541062500
0.546312500
0.551625000
0.556812500
0.562000000
0.567125000
0.572250000
0.577312500
0.582562500
0.587750000
0.592937500
0.598187500
0.603500000
0.609000000
0.614937500
0.620812500
0.627687500	
0.637625000	
0.671187500
0.676625000
0.682687500
0.688125000
0.693937500
0.699375000
0.704937500
0.710250000	
0.715937500
0.721250000
0.728062500
0.732875000	
0.738750000	
0.744375000	
0.749937500	
0.755562500	
0.851875000
0.856875000
0.861937500
0.867000000
0.872187500
0.877375000
0.882625000
0.887875000
0.893312500
0.898812500
0.904312500
0.910000000
0.915687500
0.921500000
0.927312500
0.933125000
0.939000000
0.944687500
0.950250000
0.955687500
0.961062500
0.966437500
0.971812500
0.977125000
0.982500000
0.987937500
0.993375000
0.998937500
1.004562500
1.010125000
1.015750000
1.021437500
1.027125000
1.032937500
1.038687500
1.045687500
1.051500000
1.057375000
1.063062500
1.068937500
1.074687500
1.080500000
1.086312500
1.092187500
1.098125000
1.103937500
1.109625000
1.115562500
1.121375000
1.127312500
1.133250000
1.139187500
1.144937500
1.150937500
1.156750000
1.162750000
1.168687500
1.174625000
1.180625000
1.186500000
1.192437500
1.198250000
1.204312500
1.210250000
1.216250000
1.222250000
1.228250000
1.234312500
1.240375000
1.246437500
1.252562500
1.258625000
1.264687500
1.270875000
1.276687500
1.283000000
1.289062500
1.295437500
1.301687500
1.308062500
1.314312500
1.320687500
1.327062500
1.333625000
1.339937500
1.344812500
1.352812500
1.357625000
1.364125000
1.372062500
1.378250000
1.384750000
1.391250000
1.397312500
1.403437500
1.409187500
1.414500000	
1.420125000	
1.425625000
1.430937500
1.633500000
1.640312500	
1.646312500
1.652062500
1.658062500
1.663875000
1.669937500
1.675812500
1.681812500	
1.687750000	
1.827937500
1.834000000	
1.840312500	
1.846875000
1.852750000
1.858375000	
1.865437500
1.870500000	
1.877812500
1.883375000	
1.890125000	
1.896375000	
1.902625000	
1.908875000	
1.915125000	
1.921250000	
1.927812500	
1.934000000	
1.940312500	
1.946437500	
1.952812500	
1.959500000	
1.965875000	
1.972125000	
1.978250000	
1.984625000	
1.991125000	
1.997625000	
2.004250000	
2.010625000	
2.017187500	
2.022875000	
2.029000000
2.041437500
2.056375000	
2.068125000	
2.074625000	
2.081125000	
2.087312500	
