0.226375000
0.230750000
0.235375000
0.239937500
0.244625000
0.249250000
0.254000000
0.258687500
0.263437500
0.268250000
0.272937500
0.278000000
0.283625000
0.399437500
0.403937500
0.408312500
0.413937500
0.418812500
0.423625000
0.428562500
0.433562500
0.438437500
0.443375000
0.448437500
0.453562500
0.458562500
0.463687500
0.468875000
0.473937500
0.479062500
0.484187500
0.489250000
0.494437500
0.499625000
0.504812500
0.510125000
0.515375000
0.520687500
0.525937500
0.531375000
0.536875000
0.542687500
0.546875000
0.554187500	
0.559812500	
0.566875000	
0.577875000	
0.592187500	
0.604437500	
0.613562500	
0.620000000	
0.625812500
0.631312500
0.636812500
0.642375000
0.647812500
0.653625000
0.659437500
0.665000000
0.670687500
0.676375000
0.681937500
0.687562500
0.693250000
0.698875000
0.704562500
0.710187500
0.715125000
0.720750000
0.725875000
0.731187500
0.736625000
0.742000000
0.747437500
0.752812500
0.758187500
0.763500000
0.768812500
0.774062500
0.779312500
0.784562500
0.789812500
0.795000000
0.800250000
0.805437500
0.810625000
0.815687500
0.820812500
0.825875000
0.831062500
0.836125000
0.841250000
0.846187500
0.851250000
0.856312500
0.861375000
0.866437500
0.871437500
0.876437500
0.881500000
0.886562500
0.891625000
0.896687500
0.901812500
0.906937500
0.912125000
0.917312500
0.922625000
0.928000000
0.933437500
0.938812500
0.944250000
0.949625000
0.954937500
0.960312500
0.965500000
0.970625000
0.975750000
0.980812500
0.985812500
0.990937500
0.995937500
1.001062500
1.006187500
1.011250000
1.016312500
1.021375000
1.026500000
1.031562500
1.036562500
1.041562500
1.046687500
1.052250000
1.056875000
1.061937500
1.066937500
1.071875000
1.077125000
1.082187500
1.087250000
1.092250000
1.097687500
1.103437500	
1.252875000
1.258750000
1.265062500
1.271312500
1.277687500
1.284187500
1.290687500
1.297062500
1.303375000
1.309750000
1.316062500
1.322375000
1.328625000
1.334812500
1.340875000	
1.347125000	
1.353250000	
1.360125000	
1.366812500	
1.565625000
1.571625000
1.577062500	
1.583437500	
1.589437500	
1.595625000	
1.601875000	
1.608062500	
1.614437500	
1.620812500	
1.626875000	
1.633312500
1.639875000
1.645062500
1.651375000
1.657875000
1.664500000
1.670875000
1.677375000
1.683750000
1.690250000
1.696625000
1.703125000
1.709500000
1.715812500
1.723250000
1.729562500
1.734937500
1.741312500
1.747750000
1.754375000
1.761375000	
1.769375000	
1.850812500
1.856937500
1.863500000
1.869875000
1.876562500
1.883187500
1.889937500
1.896750000
1.903500000
1.910312500
1.917000000
1.923812500
1.930437500
1.937125000
1.943750000
1.950312500
1.956750000
1.963125000
1.969625000
1.975875000
1.981312500
1.987625000
1.994000000
2.000437500
2.006750000
2.013000000
2.019312500
2.025562500
2.031812500
2.038000000
2.044250000
2.050375000
2.056625000
2.062687500
2.068875000
2.075000000
2.081125000
2.087187500
2.093312500
2.099312500
2.105375000
2.111500000
2.117437500
2.123562500
2.129625000
2.135750000
2.141750000
2.147750000
2.153812500
2.159750000
2.165750000
2.171750000
2.177750000
2.183625000
2.189312500
2.194812500
2.200937500
2.206812500
2.213562500	
2.402000000
2.408812500
2.415375000
2.421937500
2.428437500
2.435375000
2.441875000
2.448312500
2.455062500
2.461562500	
2.468000000
2.474937500	
2.639437500
2.645687500
2.651750000
2.658000000
2.664187500
2.670437500
2.676812500
2.683125000
2.689375000
2.695812500
2.702187500
2.708812500
2.715562500
2.721875000
2.728625000
2.735375000
2.742187500
2.749062500
2.755875000
2.762625000
2.769562500
2.776500000
2.783562500
2.790375000
2.797562500
2.804375000
2.811375000
2.818312500
2.825312500
2.832312500
2.839187500
2.846687500
2.853875000
2.861250000
2.868500000
2.875937500
2.883187500
2.890562500
2.897937500
2.905250000
2.912687500
2.920000000
2.927500000
2.934875000
2.942250000
2.949562500
2.956937500
2.964312500
2.971812500
2.979125000
2.986437500
2.993750000
3.001312500
3.008750000
3.016062500
3.023625000
3.030625000
3.037812500
3.044812500	
3.052250000	
3.065812500	
