0.222875000
0.229125000	
0.233750000	
0.240937500
0.245125000
0.250750000
0.256812500
0.262312500
0.268187500
0.273937500
0.279687500
0.285375000
0.291062500
0.296812500
0.302625000
0.308375000
0.314000000
0.319812500
0.325562500
0.331250000
0.337125000
0.342687500
0.348375000
0.354062500
0.359750000
0.365375000
0.371062500
0.376625000
0.382312500
0.387875000
0.393500000
0.399000000
0.404500000
0.410000000
0.415437500
0.420875000
0.426312500
0.431687500
0.437000000
0.442375000
0.447687500
0.453062500
0.458312500
0.463750000
0.469000000
0.474562500
0.480062500
0.485500000
0.491312500
0.497312500
0.503937500
0.515125000	
0.531312500	
0.546437500	
0.558000000	
0.566625000	
0.573500000
0.579000000
0.584437500
0.589750000
0.595125000
0.600500000
0.605937500
0.611500000
0.617125000
0.622875000
0.628625000
0.634437500
0.640250000
0.645937500
0.651625000
0.657250000
0.662875000
0.668437500
0.674125000
0.679625000
0.685375000
0.691062500
0.696562500
0.702312500
0.708062500
0.713875000
0.719750000
0.725750000
0.731875000	
0.739062500	
0.745000000	
0.852312500
0.857812500
0.863062500
0.868625000
0.874187500
0.879750000
0.885312500	
0.891187500
0.897000000
0.902687500
0.908500000
0.914250000
0.920187500
0.926000000
0.931812500
0.937625000
0.943500000
0.949437500
0.955312500
0.961250000
0.967187500
0.973062500
0.979125000
0.985125000
0.990937500
0.997125000
1.003062500
1.009125000
1.015125000
1.021000000
1.026750000
1.032812500
1.038812500
1.044687500
1.050500000
1.056375000
1.062000000
1.067875000
1.073937500
1.079687500
1.085500000
1.091375000
1.097250000
1.103250000
1.109375000
1.115687500
1.122125000
1.128812500	
1.136500000	
1.177875000
1.183625000
1.189437500
1.195500000
1.201687500
1.207937500
1.214187500
1.220562500
1.226937500
1.233437500
1.239750000
1.246125000
1.252437500
1.258812500
1.265250000
1.271312500
1.277875000
1.284187500
1.290437500
1.296875000
1.303250000
1.309375000
1.315625000
1.321750000
1.327562500
1.333500000
1.339250000
1.345062500
1.350625000
1.356312500
1.361687500
1.367125000
1.372625000
1.378062500
1.383687500
1.390750000	
1.575750000
1.580375000
1.586125000
1.591812500
1.597562500
1.603250000
1.608875000
1.614437500
1.620375000
1.626125000
1.631750000
1.637500000
1.643187500
1.648937500
1.654687500
1.660625000
1.666375000
1.672062500
1.677812500
1.683812500
1.689750000
1.695812500
1.702000000
1.708375000
1.714937500	
1.738687500
1.744437500
1.750375000
1.756250000
1.762000000
1.767875000
1.774125000
1.780062500
1.786250000
1.792562500
1.798812500
1.805187500
1.811875000
1.818437500
1.825000000
1.831500000
1.838125000
1.844687500
1.851250000
1.857875000
1.864375000
1.870875000
1.877375000
1.883812500
1.890250000
1.896625000
1.903000000
1.909062500
1.916437500
1.922312500	
1.928437500	
2.026500000
2.032437500
2.038812500
2.045187500
2.051750000
2.058125000
2.064625000
2.071250000
2.077625000
2.084437500
2.091062500
2.097812500
2.104437500
2.111000000
2.117687500
2.124375000
2.130687500
2.138437500
2.145500000
2.152500000
2.158937500
2.165250000
2.171687500	
2.177875000	
2.184062500	
