0.233250000
0.237812500
0.242625000
0.247375000
0.252375000
0.257187500
0.262000000
0.267062500
0.271937500
0.277000000
0.281937500
0.286937500
0.291875000
0.296812500
0.301437500
0.306562500
0.311375000
0.316250000
0.321062500
0.325875000
0.330687500
0.335437500
0.340125000
0.344875000
0.349562500
0.354312500
0.359062500
0.363812500
0.368562500
0.373375000
0.378187500
0.383062500
0.388375000	
0.441062500
0.445375000
0.449750000
0.454187500
0.458750000
0.463375000
0.468062500
0.472937500
0.477937500
0.483000000
0.488125000
0.493375000
0.498625000
0.503750000
0.509250000
0.514625000
0.520000000
0.525500000
0.530875000
0.536250000
0.541437500
0.546437500
0.551250000
0.556125000
0.561000000
0.565812500
0.570750000
0.575625000
0.580625000
0.585625000
0.590812500
0.596062500
0.601375000
0.606625000
0.611812500
0.617000000
0.622187500
0.627312500
0.632562500
0.637812500
0.643000000
0.648250000
0.653625000
0.658812500
0.664125000
0.669500000
0.674875000
0.680312500
0.685750000
0.691250000
0.696812500
0.702125000
0.708000000
0.713937500
0.719875000
0.726375000
0.732250000
0.738562500
0.744000000
0.749875000
0.754937500
0.760500000
0.766687500
0.772125000
0.777625000
0.783500000
0.789125000
0.794625000
0.800187500
0.805875000
0.811375000
0.816937500
0.822500000
0.826750000
0.832812500
0.838562500
0.844125000
0.849625000
0.855500000
0.861687500
1.010062500
1.015687500
1.021562500
1.027437500
1.033187500
1.039437500
1.045312500
1.051312500
1.057750000
1.063750000
1.069875000
1.076062500
1.082250000
1.088500000
1.094312500
1.100875000
1.107437500	
1.113500000	
1.119937500	
1.126125000	
1.132625000	
1.139000000	
1.145125000
1.151625000
1.158125000
1.164437500
1.170875000
1.177375000
1.183687500
1.190125000
1.196500000
1.202875000
1.209062500
1.215687500	
1.221875000	
1.228000000
1.234250000
1.240437500
1.247000000	
1.254562500	
1.360250000
1.365625000
1.371062500
1.377062500
1.383125000
1.389000000
1.395125000
1.401000000
1.407312500
1.413062500
1.419500000
1.431000000
1.437562500	
1.559500000
1.565000000
1.570625000
1.576312500
1.581937500
1.587375000
1.593000000
1.598687500
1.604375000
1.610250000
1.616000000
1.621812500
1.627750000
1.633500000
1.639312500
1.645062500
1.650875000
1.656937500
1.662875000
1.668500000
1.674187500
1.680250000
1.686500000
1.691687500
1.698187500
1.703750000
1.709812500
1.715562500
1.721500000	
1.727625000
1.733687500	
1.740687500
1.746750000
1.751125000
1.757375000
1.763437500
1.769500000
1.775687500
1.782125000
1.788812500
1.795687500	
1.865437500
1.871187500
1.877437500
1.883750000
1.890000000
1.896312500
1.902687500
1.909062500
1.915562500
1.921875000
1.928000000
1.934250000
1.940375000
1.946750000
1.952812500
1.959125000
1.965437500
1.971687500
1.978937500
1.983625000
1.989812500
1.995937500
2.002625000	
2.009250000	
2.131062500
2.137437500
2.143687500
2.150062500
2.156750000
2.163312500
2.170000000
2.176812500
2.183500000
2.190375000
2.196875000
2.203750000	
2.210500000	
2.217687500	
2.224062500	
2.231000000	
