0.227375000	
0.232375000	
0.237375000	
0.242562500	
0.247437500	
0.252562500	
0.257625000	
0.262562500	
0.267500000	
0.272625000	
0.277500000	
0.282625000	
0.287562500	
0.293125000	
0.298437500	
0.303500000	
0.308500000	
0.313750000	
0.318812500	
0.324062500	
0.329062500	
0.334250000	
0.339375000	
0.344562500	
0.349812500	
0.354937500	
0.360187500	
0.365312500	
0.370500000	
0.376000000	
0.381437500	
0.386687500	
0.391937500	
0.397000000	
0.402437500	
0.406875000	
0.412437500	
0.417437500	
0.422500000	
0.427625000	
0.432562500	
0.437562500	
0.442687500	
0.447500000	
0.452437500	
0.457312500	
0.462500000	
0.467375000	
0.603312500	
0.607750000	
0.612312500	
0.616812500	
0.621125000	
0.625625000	
0.630187500	
0.634812500	
0.639312500	
0.644000000	
0.649375000	
0.654500000	
0.817187500	
0.821812500	
0.826187500	
0.831000000	
0.835562500	
0.840250000	
0.844812500	
0.849750000	
0.854625000	
0.859312500	
0.864062500	
0.868937500	
0.873812500	
0.878750000	
0.883625000	
0.888375000	
0.893312500	
0.898187500	
0.903125000	
0.907937500	
0.912937500	
0.917750000	
0.922375000	
0.927312500	
0.932250000	
0.936937500	
0.942000000	
0.947000000	
0.952250000	
0.957437500	
0.962750000	
0.968375000	
0.973937500	
0.979437500	
0.984687500	
0.990562500	
0.996250000	
1.001750000	
1.007375000	
1.012937500	
1.018437500	
1.023500000	
1.028687500	
1.033937500	
1.039437500	
1.044937500	
1.050125000	
1.055687500	
1.061562500	
1.067062500	
1.072875000	
1.078437500	
1.084312500	
1.089812500	
1.095875000	
1.101125000	
1.107062500	
1.112625000	
1.118062500	
1.123875000	
1.129625000	
1.135312500	
1.141062500	
1.146750000	
1.152500000	
1.158250000	
1.163875000	
1.169812500	
1.175562500	
1.181187500	
1.187000000	
1.192875000	
1.198562500	
1.204437500	
1.210375000	
1.216250000	
1.222250000	
1.227687500	
1.233687500	
1.239437500	
1.245312500	
1.251250000	
1.256937500	
1.262812500	
1.268437500	
1.274187500	
1.280062500	
1.285875000	
1.291437500	
1.297375000	
1.303062500	
1.308812500	
1.314437500	
1.319937500	
1.325437500	
1.331000000	
1.336500000	
1.341937500	
1.347437500	
1.352937500	
1.358250000	
1.363687500	
1.369187500	
1.374562500	
1.380437500	
1.483375000	
1.488375000	
1.493812500	
1.499062500	
1.504437500	
1.509812500	
1.515312500	
1.520937500	
1.526437500	
1.532000000	
1.537437500	
1.543125000	
1.548750000	
1.554312500	
1.560062500	
1.565437500	
1.571062500	
1.576625000	
1.582250000	
1.587937500	
1.593437500	
1.599062500	
1.604812500	
1.610750000	
1.617125000	
1.623312500	
1.629625000	
1.635937500	
1.642500000	
1.648937500	
1.654875000	
1.660750000	
1.666812500	
1.672812500	
1.678625000	
1.684125000	
1.690312500	
1.695937500	
1.701812500	
1.707500000	
1.713312500	
1.719187500	
1.725062500	
1.731312500	
1.737125000	
1.742875000	
1.748875000	
1.754812500	
1.760750000	
1.766437500	
1.772437500	
1.778250000	
1.783937500	
1.789875000	
1.795500000	
1.802062500	
1.808062500	
1.813437500	
1.934562500	
1.940375000	
1.946375000	
1.952500000	
1.958500000	
1.964625000	
1.970750000	
1.977375000	
1.983312500	
1.989750000	
1.996625000	
2.002750000	
2.008937500	
2.015250000	
2.021625000	
2.027125000	
2.033562500	
2.039250000	
2.045500000	
2.051750000	
2.058375000	
2.065750000	
2.071937500	
2.076750000	
2.082437500	
