0.23425
0.23994
0.24513
0.25006
0.25512
0.25994
0.26506
0.27037
0.27519
0.28044
0.28537
0.29087
0.29575
0.301
0.30625
0.31131
0.31631
0.32131
0.32631
0.33119
0.336
0.34069
0.34544
0.35
0.35481
0.35944
0.36394
0.36856
0.37319
0.37788
0.38244
0.38706
0.39169
0.39625
0.40069
0.4055
0.41013
0.41494
0.41956
0.42419
0.4285
0.43344
0.43806
0.4425
0.44731
0.452
0.45656
0.46106
0.46575
0.47037
0.47487
0.47938
0.48406
0.48862
0.49338
0.49806
0.50281
0.50744
0.51231
0.51719
0.52225
0.52806
0.60469
0.61013
0.61544
0.62069
0.62587
0.631
0.63619
0.641
0.64612
0.65144
0.65663
0.662
0.66731
0.67269
0.67844
0.68375
0.68925
0.69437
0.69994
0.70513
0.71037
0.71575
0.72106
0.72637
0.7315
0.73662
0.742
0.74719
0.75256
0.75756
0.763
0.76831
0.77331
0.7785
0.78331
0.788
0.79319
0.79794
0.80288
0.80788
0.81256
0.81719
0.822
0.82694
0.83169
0.83637
0.84106
0.84581
0.85037
0.85513
0.85969
0.86425
0.86869
0.87325
0.87775
0.88213
0.88669
0.89112
0.89563
0.90006
0.90456
0.90906
0.9135
0.91819
0.92269
0.92725
0.93188
0.93637
0.94094
0.94581
0.95025
0.95481
0.9595
0.96437
0.96906
0.97406
0.97875
0.98381
0.98862
0.99362
0.99906
1.0038
1.0092
1.0144
1.0193
1.0245
1.0301
1.0351
1.0403
1.0436
1.0504
1.0557
1.0609
1.0662
1.0714
1.0767
1.0817
1.0871
1.0922
1.0974
1.1026
1.1078
1.1125
1.1174
1.1227
1.128
1.1333
1.138
1.1427
1.1478
1.1526
1.1577
1.1628
1.1677
1.1724
1.1773
1.182
1.1871
1.1924
1.1974
1.2021
1.2873
1.2919
1.2971
1.3022
1.3078
1.3127
1.3181
1.3234
1.3285
1.3341
1.3394
1.3447
1.35
1.3552
1.3606
1.3662
1.3717
1.3769
1.3823
1.388
1.3933
1.3984
1.4043
1.4095
1.4148
1.4203
1.4255
1.4308
1.4366
1.4418
1.4471
1.4526
1.4581
1.4638
1.4689
1.4743
1.4802
1.4857
1.4913
1.4969
1.5023
1.5079
1.5134
1.5193
1.5249
1.531
1.5366
1.5423
1.5482
1.5539
1.5598
1.5656
1.5713
1.5771
1.5831
1.5889
1.5945
1.6003
1.6059
1.6116
1.6173
1.6229
1.6288
1.6344
1.6401
1.646
1.6514
1.6572
1.6628
1.6683
1.674
1.6792
1.6852
1.6903
1.6959
1.7016
1.7071
1.7124
1.7179
1.7234
1.7289
1.735
1.7397
1.7448
1.7511
1.7565
1.7619
1.9083
1.9136
1.9189
1.9244
1.9298
1.9352
1.9406
1.9461
1.9515
1.9571
1.9624
1.9679
1.9736
1.979
1.9848
1.9906
1.9966
2.0025
2.0084
2.0144
2.0205
2.0261
2.0321
2.0379
2.0438
2.0498
2.0561
2.0616
2.0682
2.0735
2.0796
2.0843
2.0919
2.0981
2.1041
2.1101
2.1158
2.1217
2.1276
2.1336
2.1393
2.1449
2.1507
2.1564
2.1619
