0.239375000
0.244562500
0.251562500
0.255937500
0.261625000
0.267437500
0.273125000
0.278875000
0.284625000
0.290312500
0.296000000
0.301687500
0.307312500
0.312937500
0.318500000
0.324062500
0.329562500
0.335125000
0.340562500
0.346000000
0.351375000
0.356750000
0.362062500
0.367312500
0.372500000
0.377687500
0.382812500
0.387875000
0.392937500
0.397937500
0.402937500
0.407937500
0.412812500
0.417812500
0.423000000
0.428250000
0.433562500
0.438875000
0.444687500
0.450375000
0.455562500	
0.462000000	
0.482750000
0.488250000
0.493687500
0.498687500
0.503750000
0.508687500
0.513687500
0.518687500
0.523687500
0.528750000
0.533687500
0.538625000
0.543625000
0.548625000
0.553625000
0.558687500
0.563625000
0.568750000
0.573875000
0.579000000
0.584000000
0.589375000
0.594625000
0.599937500
0.605500000
0.611062500
0.617625000
0.623625000
0.629187500
0.635812500	
0.642750000	
0.650625000	
0.660437500	
0.671312500	
0.677562500	
0.684937500
0.690875000
0.697375000
0.703437500
0.709187500
0.714812500
0.720375000
0.725500000
0.731062500
0.735937500
0.741687500
0.747375000
0.753062500
0.758625000
0.764375000
0.770000000
0.775750000
0.781500000
0.787187500
0.793062500
0.799000000
0.805000000
0.811062500
0.817187500
0.823375000
0.829437500
0.837000000	
0.841875000	
0.848500000	
0.853437500
0.859500000
0.865375000
0.871062500
0.876750000
0.882375000
0.888000000
0.893687500
0.899375000
0.905000000
0.910687500
0.916312500
0.921937500
0.927625000
0.934812500
0.940437500
0.946187500
0.951937500
0.957812500	
1.101687500
1.107187500
1.112937500
1.118812500
1.124750000
1.130625000
1.136437500
1.142312500
1.148375000
1.154375000
1.160375000
1.166500000
1.173000000
1.178875000
1.185500000
1.191750000
1.198187500
1.204187500
1.210687500
1.216750000
1.223500000
1.229812500
1.235625000
1.242437500
1.248187500
1.254375000
1.260625000
1.267000000
1.273250000
1.279312500
1.286250000
1.291625000
1.297812500
1.304062500
1.310250000
1.317062500
1.322562500
1.328625000
1.334812500
1.340875000
1.346937500
1.353187500
1.359312500
1.365500000
1.371812500
1.377937500
1.385000000
1.390312500
1.396687500
1.404062500
1.410562500
1.417062500
1.423625000
1.430187500
1.436812500
1.443062500
1.449125000
1.454625000	
1.462812500
1.468750000
1.474312500
1.479250000
1.485125000	
1.491062500	
1.636937500	
1.642312500
1.648062500
1.654000000
1.659812500
1.665687500
1.671812500
1.677875000
1.683875000
1.689937500
1.696062500
1.702125000
1.708187500
1.714375000
1.720625000
1.726750000
1.733000000
1.739375000
1.745562500
1.751687500
1.759625000
1.765750000
1.772250000
1.778312500
1.784562500
1.791000000
1.797250000
1.803625000
1.809875000
1.816250000
1.822562500
1.828750000
1.835250000
1.841500000
1.848000000
1.854437500
1.860937500
1.867437500
1.873937500
1.880500000
1.887000000
1.893562500
1.900125000
1.906625000
1.913000000
1.919500000
1.925937500
1.932125000
1.938750000
1.945250000
1.951625000
1.957812500
1.964250000
1.970500000
1.976625000	
