0.229312500
0.234562500	
0.238937500
0.243187500
0.247875000
0.252312500
0.256312500
0.261250000
0.265875000
0.270125000
0.274812500
0.279312500
0.283312500
0.288250000
0.292812500
0.297375000
0.301937500
0.306812500
0.311312500
0.316125000
0.320687500
0.325500000
0.330375000
0.335062500
0.339625000
0.344250000
0.349000000
0.353875000
0.358625000
0.363062500
0.367687500
0.372812500
0.377625000
0.382875000
0.388062500
0.393250000
0.398625000
0.404000000
0.409687500
0.415062500
0.420625000
0.425875000
0.431437500
0.436750000
0.441937500
0.446875000
0.451500000
0.456125000
0.461062500
0.465437500
0.470500000
0.475125000
0.479875000
0.484437500
0.489312500
0.494625000
0.499187500
0.567937500
0.578312500
0.583000000
0.588125000
0.592500000
0.597437500
0.602187500
0.607000000
0.611625000
0.616437500
0.621000000
0.625625000
0.630125000
0.634750000
0.639250000
0.643562500
0.648312500
0.652812500
0.657125000
0.661812500
0.666250000
0.671250000
0.676187500
0.681375000
0.686187500
0.691437500
0.696312500
0.701312500
0.706500000
0.711312500
0.848437500
0.857625000
0.862250000
0.866750000
0.871562500
0.876125000
0.880750000
0.885750000
0.890250000
0.894937500
0.899812500
0.904437500
0.909000000
0.913500000
0.918125000
0.922812500
0.927375000
0.932062500
0.936500000
0.941312500
0.945750000
0.950375000
0.955125000
0.959750000
0.964875000
0.969750000
0.974875000
0.979875000
0.985187500
0.989875000
0.994500000
0.999125000
1.003625000
1.008125000
1.012875000
1.017187500
1.021812500
1.026500000
1.031125000
1.036000000
1.040375000
1.044875000
1.049812500
1.054375000
1.059125000
1.063812500
1.068625000
1.073625000
1.078375000
1.083500000
1.088875000
1.094000000
1.099312500
1.104625000
1.109812500
1.115000000
1.120000000
1.125187500
1.130125000
1.135312500
1.140375000
1.145312500
1.150312500
1.155312500
1.160125000
1.165312500
1.170125000
1.175125000
1.180000000
1.184812500
1.189625000
1.194687500
1.199187500
1.205000000
1.209875000
1.245125000
1.250125000
1.255000000
1.260125000
1.265312500
1.270812500
1.275812500
1.281125000
1.286125000
1.291312500
1.296625000
1.301875000
1.306812500
1.312187500
1.317875000
1.323812500
1.447625000
1.452812500
1.457875000
1.463187500
1.468375000
1.473625000
1.478687500
1.484000000
1.489125000
1.494312500
1.499687500
1.504812500
1.510312500
1.516375000
1.613375000
1.618375000
1.623312500
1.628312500
1.633125000
1.638125000
1.642875000
1.647875000
1.652687500
1.657812500
1.662625000
1.667625000
1.672375000
1.677125000
1.682187500
1.687000000
1.692125000
1.697125000
1.702125000
1.706875000
1.711812500
1.716875000
1.722312500
1.727312500
1.732375000
1.737687500
1.742875000
1.747875000
1.753625000
1.759000000
1.764375000
1.769875000
1.775375000
1.781125000
1.786625000
1.792187500
1.798125000
1.803625000
1.809500000
1.815375000
1.821125000
1.827125000
1.833312500
1.839000000
1.844875000
1.850687500
1.856187500
1.862125000
1.867812500
1.873687500
1.879375000
1.885312500
1.890625000
1.896375000
1.902187500
1.908125000
1.913187500
1.918812500
1.924500000
1.931125000
1.936625000
1.941187500
1.947000000
1.953375000
1.958375000
1.963812500
1.969500000
1.975375000
1.981125000
2.115375000
2.119625000
2.125875000
2.131312500
2.136812500
2.142312500
2.147687500
2.153375000
2.159375000
2.165125000
2.170812500
2.176500000
2.182187500
2.187500000
2.193125000
2.198375000
2.203875000
2.209312500
2.214687500
2.220312500
2.225625000
2.231125000
2.236375000
2.241625000
2.247125000
2.252875000
2.257812500
2.263125000
2.268625000
2.274375000
2.279375000
2.284687500
2.290625000
2.295625000
2.301500000
2.306375000
2.312187500
2.317625000
2.322812500
2.328312500
2.333625000
2.339187500
2.344812500
2.350312500
2.355875000
2.361187500
2.367125000
2.372625000
2.377875000
2.383500000
2.389125000
2.394625000
2.399812500
2.405187500
2.412187500
2.417687500
2.422875000
2.428187500
2.575812500
2.581375000
2.586875000
2.592187500
2.597812500
2.603187500
2.608625000
2.614312500
2.619312500
2.624812500
2.630312500
2.635687500
2.641187500
2.646687500
2.652312500
2.657500000
2.662875000
2.668625000
2.674125000
2.679625000
2.684875000
2.690312500
2.695625000
2.700875000
2.706375000
2.711312500
2.716875000
2.722187500
2.727375000
2.732312500
2.737375000
2.742500000
2.747812500
2.753812500
2.834812500
2.839312500
2.844312500
2.849312500
2.854125000
2.859500000
2.864500000
2.869687500
2.874875000
2.880625000
2.885875000
2.891625000
2.896812500
2.900625000
3.050625000
3.055875000
3.061000000
3.065875000
3.071000000
3.075875000
3.080812500
3.086000000
3.091125000
3.096187500
3.101187500
3.106625000
3.112000000
3.117375000
3.122875000
3.128375000
3.133312500
3.139875000
3.146375000
3.152125000
3.158000000
3.163375000
3.168812500
3.174375000
3.179687500
3.185625000
3.190875000
3.196375000
3.201812500
3.207312500
3.212812500
3.218000000
3.223625000
3.228812500
3.234687500
3.240312500
3.245687500
3.251625000
3.257375000
3.263000000
3.268687500
3.274812500
3.281000000
3.286875000
3.292875000
3.298312500
3.305312500
3.311625000
3.318125000
3.325187500
3.329812500
