0.23031
0.23563
0.24081
0.24625
0.2515
0.25694
0.26281
0.26806
0.27337
0.27837
0.28356
0.28881
0.29406
0.29931
0.30444
0.30956
0.31506
0.32006
0.32513
0.33019
0.33594
0.34119
0.34656
0.3515
0.35706
0.362
0.36719
0.37238
0.3775
0.38262
0.38763
0.39269
0.39794
0.40281
0.408
0.41325
0.41788
0.42356
0.42812
0.43325
0.43825
0.44325
0.44881
0.45369
0.45913
0.46437
0.46987
0.47513
0.48056
0.48594
0.49106
0.49588
0.50081
0.50575
0.51038
0.51494
0.51969
0.5245
0.52925
0.53387
0.53869
0.5435
0.54825
0.553
0.55775
0.5625
0.56731
0.572
0.57663
0.58137
0.58625
0.59119
0.59644
0.60162
0.76644
0.77156
0.77656
0.78194
0.787
0.79225
0.79763
0.80281
0.80819
0.81344
0.81881
0.82381
0.82962
0.83456
0.84031
0.8455
0.851
0.85631
0.86187
0.86719
0.87281
0.87819
0.88344
0.8885
0.89412
0.89963
0.90494
0.91044
0.91575
0.921
0.926
0.93156
0.93669
0.94231
0.9475
0.95225
0.9575
0.963
0.96825
1.0737
1.079
1.0845
1.0899
1.0956
1.1009
1.1063
1.1119
1.1177
1.1234
1.1294
1.1351
1.142
1.1489
1.1553
1.1621
1.1683
1.1757
1.1803
1.1921
1.1979
1.2032
1.2087
1.2144
1.2201
1.2257
1.2313
1.2372
1.2428
1.2488
1.2544
1.2602
1.2657
1.2717
1.2774
1.2834
1.2893
1.2949
1.3005
1.3062
1.4655
1.4711
1.4764
1.4814
1.4868
1.4925
1.498
1.504
1.509
1.5151
1.5201
1.5264
1.5321
1.5377
1.5419
1.5493
1.7279
1.7332
1.7382
1.7442
1.7492
1.7555
1.7604
1.7659
1.7716
1.7775
1.7828
1.7895
1.7952
1.799
1.8063
1.8104
1.8174
1.8219
1.8298
1.8354
1.8411
1.8468
1.8526
1.8574
1.8641
1.87
1.8763
1.8826
1.8888
1.8954
1.9015
1.9078
1.9137
1.9194
1.9252
1.9312
1.9376
1.9436
1.9495
1.9552
1.9611
1.967
1.9726
1.9785
1.9844
1.9899
1.9954
2.001
2.0069
2.0124
2.018
2.0238
2.1146
2.1201
2.1257
2.1311
2.1363
2.142
2.1478
2.154
2.1596
2.1652
2.171
2.1763
2.1824
2.1881
2.1941
2.2001
2.2051
2.2118
2.2179
2.2238
2.2298
2.2349
2.2413
2.3051
2.3111
2.3171
2.3235
2.3298
2.3356
2.3416
2.3477
2.3536
2.3603
2.3665
2.3723
2.3786
2.385
2.391
2.3974
2.4035
2.4099
2.4161
2.4224
2.4286
2.4351
2.4413
2.4476
