0.231187500
0.236250000
0.241062500
0.246000000
0.251062500
0.255937500
0.260937500
0.265937500
0.270937500
0.275875000
0.280812500
0.285812500
0.290750000
0.295750000
0.300750000
0.305750000
0.310687500
0.315750000
0.320812500
0.325875000
0.331000000
0.336187500
0.341437500
0.346750000
0.352000000
0.357250000
0.362500000
0.367687500
0.372812500
0.377812500
0.382875000
0.387875000
0.392875000
0.397812500
0.402812500
0.407750000
0.412750000
0.417687500
0.422625000
0.427562500
0.432500000
0.437312500
0.442250000
0.447187500
0.452000000
0.456875000
0.461687500
0.466562500
0.471375000
0.476187500
0.481000000
0.485875000
0.490750000
0.495562500
0.500312500
0.504875000
0.509812500
0.514000000
0.519062500
0.639687500
0.644000000
0.648375000
0.652812500
0.657250000
0.661875000
0.666437500
0.671000000
0.675562500
0.680125000
0.684750000
0.689312500
0.694000000
0.698687500
0.703437500
0.708125000
0.712875000
0.717750000
0.722562500
0.727437500
0.732312500
0.737500000
0.742437500
0.747812500
0.752812500
0.757812500
0.762750000
0.767937500
0.773125000
0.778437500
0.783687500
0.789000000
0.794312500
0.799625000
0.804937500
0.810312500
0.815625000
0.820937500
0.826250000
0.831625000
0.836875000
0.842125000
0.847500000
0.852687500
0.857937500
0.863125000
0.868375000
0.873562500
0.878750000
0.884000000
0.889187500
0.894437500
0.899687500
0.905000000
0.910000000
0.915000000
0.920125000
0.925250000
0.930562500
0.935750000
0.940750000
0.945750000
0.951000000
0.956062500
0.961187500
0.966437500
0.971687500
0.977000000
0.982312500
0.987687500
0.993187500
0.998687500
1.004250000
1.009687500
1.015187500
1.020625000
1.026125000
1.031687500
1.037187500
1.042687500
1.048250000
1.053812500
1.059750000
1.065312500
1.071062500
1.076375000
1.082000000
1.088000000
1.093437500
1.099250000
1.105312500
1.110937500
1.116687500
1.122625000
1.128437500
1.134437500
1.140312500
1.146250000
1.152125000
1.158062500
1.163937500
1.169875000
1.175812500
1.181687500
1.187625000
1.193562500
1.199437500
1.205375000
1.211250000
1.217125000
1.223062500
1.228875000
1.234812500
1.240750000
1.246625000
1.252750000
1.258937500
1.265562500
1.271875000
1.278250000
1.285687500	
1.292062500	
1.298562500	
1.303687500
1.309875000
1.315812500
1.322187500
1.327875000
1.333625000
1.339312500
1.345312500
1.350687500
1.356687500
1.362187500
1.368062500
1.374062500
1.380000000	
1.385625000
1.503062500
1.508625000
1.515312500	
1.521250000	
1.528062500	
1.533000000
1.694687500
1.699812500
1.705062500
1.710250000
1.715562500
1.721062500
1.726375000
1.732000000
1.737500000
1.742937500
1.748437500
1.753937500
1.759437500
1.764875000
1.770375000
1.775812500
1.781437500
1.786937500
1.792312500
1.797875000
1.803250000
1.808750000
1.814062500
1.820500000	
1.931312500
1.936750000
1.942625000
1.948437500
1.954437500
1.960437500
1.966625000
1.972812500
1.980562500
1.986812500
1.993187500
1.999062500
2.005625000
2.011687500
2.018125000
2.024000000
2.030375000
2.036500000
2.042625000
2.048812500
2.055125000
2.061125000
2.067312500
2.073625000
2.080000000
2.086000000
2.092125000
2.098625000
2.104562500
2.111375000
2.117437500
2.123625000
2.130250000
2.136437500
2.142437500
2.148437500
2.154750000
2.160625000
2.166812500
