0.236187500
0.241437500
0.246437500
0.251500000
0.256187500
0.261312500
0.266687500
0.271750000
0.276750000
0.282000000
0.287000000
0.292187500
0.297375000
0.302812500
0.308562500
0.314312500
0.320375000
0.326437500
0.332312500
0.338187500
0.344375000
0.350750000
0.356937500
0.363000000
0.369437500
0.375687500
0.382062500
0.388625000
0.412000000	
0.417437500
0.423000000
0.428687500
0.434500000
0.440375000
0.445875000
0.451562500
0.457625000
0.463437500
0.469125000
0.474687500
0.480375000
0.486125000
0.491812500
0.497500000
0.503187500
0.508937500
0.514437500
0.520187500
0.525937500
0.531437500
0.537062500
0.542687500
0.548375000
0.554062500
0.559562500
0.565062500
0.570500000
0.576000000
0.581250000
0.586437500
0.591812500
0.597125000
0.602312500
0.607437500
0.612625000
0.617937500
0.623375000
0.763312500
0.768937500
0.774625000
0.780312500
0.786125000
0.791812500
0.797687500
0.803687500
0.810312500
1.005062500
1.010812500
1.016250000
1.022500000
1.028437500
1.034562500
1.040500000
1.046437500
1.052312500
1.058687500
1.064937500
1.070750000
1.076500000
1.082375000
1.088500000
1.094062500
1.099437500
1.105250000
1.110875000
1.116687500	
1.251937500
1.257437500
1.262937500
1.268250000
1.273500000
1.278937500
1.284500000
1.290000000
1.295625000
1.300937500
1.306437500
1.311937500
1.317687500
1.323187500
1.328562500
1.334000000
1.339437500
1.344812500
1.350187500
1.355687500
1.361125000
1.366687500
1.372187500
1.377812500
1.383437500
1.389437500
1.395687500
1.402062500
1.408500000
1.414687500	
1.426375000	
1.449000000	
1.463687500	
1.471562500
1.477375000
1.482750000
1.488500000
1.493937500
1.499312500
1.504625000
1.509875000
1.515187500
1.520625000
1.526062500
1.531562500
1.537000000
1.542437500
1.548125000
1.553500000
1.559062500
1.564437500
1.570062500
1.576000000
1.581500000
1.587312500
1.592750000
1.598562500
1.604312500
1.609875000
1.615562500
1.621187500
1.626687500
1.632250000
1.637687500
1.643250000
1.648750000
1.654312500
1.659812500
1.665312500
1.671000000
1.676562500
1.682437500
1.688250000
1.694437500
1.700812500
1.707125000
1.713812500
1.720062500
1.727250000
1.733750000
1.741250000	
1.765937500
1.771187500
1.777437500
1.783250000
1.789437500
1.795312500
1.801437500
1.807750000
1.813812500
1.820312500
1.826375000
1.832375000
1.838437500
1.844875000
1.851000000
1.857000000
1.863000000
1.869625000
1.875625000
1.881875000
1.887937500
1.893875000
1.900000000
1.906250000
1.912437500
1.918375000
1.925000000
1.931125000
1.937125000
1.943187500
1.949375000
1.955687500
1.961937500
1.968500000
1.974937500
1.981312500
1.987562500
1.993875000
2.000375000
2.006625000
2.013312500
2.019812500
2.026062500
2.032625000
2.039375000
2.046000000
2.052625000
2.059312500
2.066312500
2.072687500
2.079000000
2.086125000
2.092125000
