0.235437500
0.240062500
0.244687500
0.249375000
0.254062500
0.258687500
0.263375000
0.268062500
0.272687500
0.277437500
0.282125000
0.286875000
0.291687500
0.296500000
0.301375000
0.306250000
0.311125000
0.315937500
0.320750000
0.325500000
0.330125000
0.334812500
0.339437500
0.343937500
0.348562500
0.352875000
0.357500000
0.362187500
0.367687500
0.372562500
0.377437500
0.382437500
0.387375000
0.392375000
0.397375000
0.401687500
0.406687500
0.411625000
0.416625000
0.421875000
0.427250000
0.432812500
0.439187500
0.445125000
0.612062500
0.616937500
0.621937500
0.627000000
0.632250000
0.637187500
0.642187500
0.647375000
0.652500000
0.657937500
0.662937500
0.668000000
0.673062500
0.678062500
0.683125000
0.688250000
0.693250000
0.698250000
0.703250000
0.708250000
0.713250000
0.718125000
0.723125000
0.728000000
0.732937500
0.737812500
0.742750000
0.747687500
0.752562500
0.757375000
0.762250000
0.767125000
0.771875000
0.776750000
0.781500000
0.786312500
0.791187500
0.796250000
0.801437500
0.806625000
0.811812500
0.817062500
0.822312500
0.827625000
0.832937500
0.838312500
0.843625000
0.849312500
0.853500000
0.859312500
0.863187500
0.868187500
0.874437500
0.879625000
0.883812500
0.890375000
0.894562500
0.900000000
0.905687500
0.911250000
0.916812500
0.922500000
0.928125000
0.933687500
0.939187500
0.944750000
0.950187500
0.955625000
0.960750000
0.966000000
0.971187500
0.976250000
0.981312500
0.986375000
0.991625000
0.997062500
1.101312500
1.106000000
1.110687500
1.115375000
1.120187500
1.124875000
1.129625000
1.134437500
1.139187500
1.143937500
1.148687500
1.153500000
1.158375000
1.163562500
1.168937500
1.348062500
1.353000000
1.358125000
1.363312500
1.368625000
1.374000000
1.379375000
1.384812500
1.390312500
1.395875000
1.401500000
1.407062500
1.412812500
1.418500000
1.424312500
1.429937500
1.435687500
1.441375000
1.447125000
1.452812500
1.458500000
1.464250000
1.469937500
1.475750000
1.481437500
1.487250000
1.493250000
1.499750000
1.506812500
1.514687500	
1.524812500	
1.660187500
1.665625000
1.671000000
1.677500000	
1.683312500	
1.688687500	
1.694500000	
1.700250000	
1.705937500	
1.716937500
1.722687500
1.728687500	
1.735062500	
1.740187500
1.745937500
1.753000000
1.758750000
1.763437500
1.770437500
1.775000000
1.782125000
1.786812500
1.792625000
1.798500000
1.804375000
1.811562500
1.817500000
1.823375000
1.829312500
1.835187500
1.841000000
1.847062500
1.852812500
1.858687500
1.864687500
1.870500000
1.876500000
1.880812500
1.886687500
1.892812500
1.899750000	
1.906187500	
1.912625000	
1.919562500	
1.925250000	
1.932250000	
1.938000000
1.943750000
1.950000000
1.956187500
1.962625000
1.968937500
1.975250000
1.981500000
1.987750000
1.994000000
2.000125000
2.006312500
2.012687500
2.019062500
2.025375000
2.031687500
2.037875000
2.043937500
2.051187500
2.057250000
2.063312500
2.069375000
2.075500000
2.081750000
2.087937500
2.094062500
2.100312500
2.105250000
2.111562500
2.117687500
2.124000000
2.130312500
2.136437500
2.142500000
2.148562500
2.154687500
2.160750000
2.166750000
2.172937500
2.178937500
2.184875000
2.190750000
2.196687500
2.202500000
2.208250000
2.214062500
2.219687500
2.225375000
2.231000000
2.236625000
2.242125000
2.247812500
2.253312500
2.258937500
2.264375000
2.269937500
2.275750000
2.281562500
2.287375000
2.293250000
2.299187500
2.305125000
2.311062500
2.317000000
2.322937500
2.328812500
2.334625000
2.340375000
2.346062500
2.351625000
2.356937500
2.362187500
2.367500000
2.372750000
2.378062500
2.383312500
2.388625000
2.393937500
2.399250000
2.404500000
2.409812500
2.415125000
2.420437500
2.425812500
2.431125000
2.436562500
2.441937500
2.447375000
2.452875000
2.458312500
2.463937500
2.469562500
2.475312500
2.481062500
2.486875000
2.492750000
2.498562500
2.504437500
2.510125000
2.515750000
2.521375000
2.527062500
2.532750000
2.538437500
2.544250000
2.550125000
2.555875000
2.562000000
2.567937500
2.573875000
2.579875000
2.585875000
2.591875000
2.597812500
2.603812500
2.609687500
2.615625000
2.621437500
2.627312500
2.633000000
2.638875000
2.644812500
2.650500000
2.656625000
2.662750000
2.669000000
2.675187500
2.681562500
2.687937500
2.694375000
2.700625000
2.706812500
2.712875000
2.718875000
2.724812500
2.730562500
2.736500000
2.742312500
2.748375000
2.754312500
2.760375000
2.766375000
2.772562500
2.778750000
2.784812500
2.791062500
2.797312500
2.803625000
2.809937500
2.816250000
2.822625000
2.829187500
2.837062500
2.843500000
2.850062500
2.856750000
2.863375000
2.870125000
2.876875000
2.883250000
2.890062500
2.896687500
2.903125000
2.909687500
2.915125000
2.921687500
2.928312500
2.935000000
2.942062500
2.949250000
2.955125000
