0.23906
0.2435
0.24838
0.25431
0.25919
0.26406
0.26806
0.27363
0.27775
0.28263
0.28744
0.29244
0.297
0.30344
0.30719
0.31188
0.31712
0.32175
0.32694
0.33194
0.33694
0.34194
0.34694
0.35206
0.35681
0.36175
0.367
0.37188
0.37688
0.38212
0.38713
0.39187
0.39706
0.40237
0.40713
0.41225
0.41744
0.42281
0.42738
0.43275
0.43762
0.44256
0.4475
0.45275
0.458
0.46219
0.468
0.47206
0.478
0.48612
0.49106
0.49931
0.51719
0.52469
0.61469
0.62
0.62519
0.63019
0.63506
0.64031
0.64594
0.65144
0.65619
0.66163
0.66669
0.67181
0.67688
0.68225
0.68719
0.6925
0.6975
0.70256
0.7075
0.7125
0.71744
0.72231
0.72713
0.73175
0.73631
0.74144
0.74594
0.75081
0.75538
0.76
0.76438
0.76919
0.7735
0.77812
0.78263
0.78738
0.79175
0.79644
0.801
0.80556
0.81012
0.81469
0.81925
0.82369
0.82825
0.83288
0.83769
0.84219
0.84694
0.8515
0.85588
0.86069
0.86525
0.86981
0.87431
0.87906
0.88362
0.88838
0.89287
0.89781
0.90281
1.0073
1.0121
1.0168
1.0214
1.0263
1.032
1.1843
1.189
1.194
1.1988
1.2037
1.2087
1.2138
1.2188
1.2239
1.2293
1.2343
1.2399
1.2453
1.2504
1.2558
1.2614
1.2668
1.2723
1.2776
1.283
1.2885
1.2937
1.2981
1.3044
1.5818
1.6758
1.6811
1.6866
1.6917
1.6964
1.7015
1.7061
1.7122
1.7188
1.7227
1.728
1.7342
1.7373
1.7429
1.749
1.7542
1.7595
1.7646
1.77
1.7753
1.7807
1.7859
1.7911
1.7964
1.8017
1.8073
1.8127
1.8184
1.8238
1.8292
1.8347
1.8404
1.8456
1.8513
1.8569
1.8621
1.8675
1.8731
1.8785
1.8839
1.8891
1.8943
1.9007
1.9063
1.9104
1.9161
2.0587
2.0639
2.0689
2.0743
2.0793
2.0841
2.0894
2.0946
2.0995
2.1053
2.1109
2.1182
2.2414
2.2462
2.2511
2.256
2.2609
2.2659
2.2706
2.2756
2.2806
2.2856
2.4507
2.4559
2.4609
2.4661
2.4712
2.4765
2.4819
2.4869
2.4921
2.4973
2.5026
2.5077
2.5129
2.5181
2.5234
2.5285
2.5338
2.5389
2.5444
2.5496
2.555
2.5604
2.5657
2.5711
2.5765
2.5819
2.5871
2.593
2.5983
2.6037
2.6096
2.6151
2.6206
2.6263
2.6317
2.6374
2.6429
2.6485
2.6543
2.6595
2.6652
2.6711
2.6768
2.6824
2.688
2.6935
2.6993
2.7048
2.7105
2.7161
2.7217
2.7272
2.733
2.7385
2.7441
2.75
2.7556
2.7611
2.7669
2.7729
2.7787
2.7844
2.7901
2.7961
2.8016
2.8074
2.8134
2.8191
2.8249
2.8306
2.8364
2.8419
2.8479
2.8535
2.8592
2.865
2.8706
2.8763
2.8818
2.8887
2.892
2.8999
2.9058
2.9117
2.9175
