0.224875000	
0.230250000	
0.235437500	
0.241062500	
0.246437500	
0.251625000	
0.257125000	
0.262687500	
0.268125000	
0.273625000	
0.279187500	
0.284312500	
0.290125000	
0.295250000	
0.301062500	
0.306625000	
0.312000000	
0.317437500	
0.323250000	
0.328812500	
0.334625000	
0.340062500	
0.346187500	
0.351812500	
0.357312500	
0.363187500	
0.368562500	
0.374125000	
0.379875000	
0.385125000	
0.390812500	
0.396437500	
0.401750000	
0.407562500	
0.413125000	
0.418687500	
0.424312500	
0.430000000	
0.435625000	
0.441562500	
0.447250000	
0.565562500	
0.570562500	
0.576062500	
0.581562500	
0.586625000	
0.592062500	
0.598562500	
0.604250000	
0.609812500	
0.615625000	
0.621312500	
0.627500000	
0.632750000	
0.638375000	
0.644375000	
0.650312500	
0.655937500	
0.661750000	
0.667625000	
0.673437500	
0.679000000	
0.685000000	
0.690625000	
0.696375000	
0.702187500	
0.707812500	
0.713437500	
0.719062500	
0.724625000	
0.729750000	
0.735562500	
0.741125000	
0.746500000	
0.751750000	
0.757187500	
0.762437500	
0.767562500	
0.773000000	
0.778312500	
0.783562500	
0.788750000	
0.794312500	
0.799625000	
0.804812500	
0.810500000	
0.815437500	
0.820500000	
0.826062500	
0.831000000	
0.836312500	
0.841750000	
0.846312500	
0.852000000	
0.856687500	
0.862000000	
0.867375000	
0.872562500	
0.877187500	
0.882812500	
0.888000000	
0.892812500	
0.897500000	
0.903000000	
0.907812500	
0.912687500	
0.918000000	
0.922937500	
0.928437500	
0.934125000	
0.937937500	
0.942937500	
0.948062500	
0.953312500	
0.958250000	
0.963125000	
0.968375000	
0.973437500	
0.978562500	
0.983125000	
0.987937500	
0.993437500	
0.998812500	
1.003812500	
1.009312500	
1.014375000	
1.019500000	
1.024750000	
1.029625000	
1.035125000	
1.040500000	
1.046250000	
1.051187500	
1.056312500	
1.061375000	
1.067312500	
1.072500000	
1.232312500	
1.238125000	
1.243625000	
1.249625000	
1.255312500	
1.261000000	
1.267000000	
1.272750000	
1.278312500	
1.284562500	
1.290500000	
1.295875000	
1.302000000	
1.308312500	
1.314187500	
1.319875000	
1.326250000	
1.331750000	
1.337812500	
1.343750000	
1.349937500	
1.355312500	
1.361562500	
1.367562500	
1.373312500	
1.379562500	
1.384937500	
1.391000000	
1.396750000	
1.402687500	
1.408625000	
1.414437500	
1.420062500	
1.425812500	
1.431750000	
1.437375000	
1.443437500	
1.449187500	
1.455125000	
1.461312500	
1.467500000	
1.473812500	
1.480562500	
1.489500000	
1.504062500	
1.519937500	
1.531125000	
1.538500000	
1.543562500	
1.549500000	
1.554937500	
1.561500000	
1.567312500	
1.573062500	
1.579562500	
1.585750000	
1.592187500	
1.597937500	
1.604812500	
1.610562500	
1.617187500	
1.623625000	
1.629812500	
1.635937500	
1.642000000	
1.647562500	
1.653937500	
1.659937500	
1.665687500	
1.671562500	
1.677812500	
1.683562500	
1.689750000	
1.696250000	
1.702125000	
1.707937500	
1.714500000	
1.720812500	
1.727062500	
1.733250000	
1.739375000	
1.745875000	
1.752125000	
1.758250000	
1.764750000	
1.771312500	
1.777250000	
1.783500000	
1.789812500	
1.796250000	
1.803000000	
1.809000000	
1.815437500	
1.822187500	
1.828750000	
1.835437500	
1.841687500	
1.848187500	
1.854250000	
1.861125000	
1.868187500	
1.874312500	
1.880625000	
1.887437500	
1.893750000	
1.900250000	
1.907375000	
1.914000000	
1.921062500	
1.927312500	
1.933750000	
