0.094125000	
0.219625000
0.224875000
0.231125000	
0.236312500
0.242125000
0.247562500
0.253062500
0.258750000
0.263687500	
0.269375000
0.274687500
0.280000000
0.285062500
0.290250000
0.295625000
0.300687500
0.305875000
0.310937500
0.316062500
0.321125000
0.326187500
0.331250000
0.366187500
0.371062500
0.375812500
0.380375000
0.385000000
0.389375000
0.394000000
0.398437500
0.403437500
0.408187500
0.412812500
0.417437500
0.422187500
0.427437500
0.432000000
0.437000000
0.442250000
0.447875000
0.453000000
0.458750000
0.464562500
0.470062500
0.475687500
0.481437500	
0.546125000
0.551062500
0.556125000
0.561187500
0.566062500	
0.571937500
0.577375000
0.583000000
0.588500000
0.593687500
0.599437500
0.605000000
0.610937500
0.616812500
0.622437500
0.628250000
0.633812500
0.639562500
0.645000000	
0.651000000
0.656687500
0.662312500
0.667937500
0.673562500
0.679187500
0.684875000
0.690375000
0.696125000
0.701812500
0.707625000
0.713437500
0.719687500	
0.884000000
0.889500000
0.894625000
0.900312500
0.906187500
0.911750000
0.917562500
0.923312500
0.929625000
0.935687500
0.941750000
0.947937500
0.953937500
0.959625000
0.965500000
0.971500000
0.977562500
0.983375000
0.989437500
0.995562500
1.001625000
1.007000000
1.013500000
1.018875000
1.024937500
1.031187500
1.037000000
1.043125000
1.049312500
1.055187500
1.060875000
1.066937500
1.073000000
1.078687500
1.084687500
1.090625000
1.096437500
1.102500000
1.108625000
1.114500000
1.120625000
1.126375000	
1.132625000	
1.138750000	
1.312500000
1.318125000
1.324187500
1.329562500
1.335187500
1.340812500
1.346562500
1.352687500
1.358250000
1.363750000
1.369437500
1.375062500
1.380562500
1.386125000
1.391750000
1.397437500
1.403250000
1.409000000
1.414875000
1.420687500
1.426187500
1.431937500
1.437625000
1.443875000
1.449500000
1.455375000
1.461062500
1.466875000
1.472687500
1.478625000
1.484687500
1.490812500
1.496687500
1.502812500
1.508687500
1.514875000
1.520875000
1.526875000
1.532875000
1.539125000
1.545187500
1.551562500
1.557500000
1.563875000
1.570125000
1.576250000
1.582375000
1.588562500
1.594687500
1.601187500
1.607250000
1.613312500
1.619375000
1.625562500
1.631687500
1.637562500
1.644125000
1.650187500
1.656312500
1.662437500
1.668625000
1.674750000
1.681312500
1.686875000
1.693000000
1.698937500
1.705312500
1.711562500
1.717875000
1.724062500
1.730750000
1.736875000
1.743812500	
1.752250000	
1.760437500	
1.768312500	
1.778812500	
1.792375000	
1.802625000	
1.810187500	
1.817437500	
1.824312500	
1.830562500
1.837125000
1.842937500
1.849125000
1.855750000	
1.862000000	
1.868437500	
1.874875000	
1.881000000
1.887375000
1.893625000
1.899937500
1.906250000
1.912500000
1.918937500
1.925437500	
1.931875000
1.938062500
1.944500000
1.950937500
1.957312500
1.963562500
1.969875000
1.976000000
1.982250000
1.988562500
1.994875000
2.001250000
2.007625000
2.014062500
2.020437500
2.027187500
2.033562500
2.039687500
2.046125000
2.052750000
2.059437500
2.066062500
2.072562500
2.078937500
2.085562500
2.092250000
2.099187500
2.105875000
2.112875000
2.119812500
2.126875000
2.133500000
2.140187500
2.147000000
2.153625000
2.160562500
2.167125000
2.173750000
2.180437500
2.194000000
2.200375000	
2.207187500	
2.214187500	
2.220750000	
2.227062500	
2.234562500	
2.241250000	
