0.223687500	
0.228812500	
0.233937500	
0.239437500	
0.244437500	
0.249625000	
0.255000000	
0.260187500	
0.265187500	
0.270187500	
0.275625000	
0.280875000	
0.286812500	
0.292500000	
0.298437500	
0.305125000	
0.311062500	
0.316812500	
0.323312500	
0.334187500	
0.340250000	
0.345812500	
0.351250000	
0.356500000	
0.362437500	
0.367937500	
0.373187500	
0.378562500	
0.384062500	
0.389125000	
0.394000000	
0.399312500	
0.404312500	
0.409187500	
0.414437500	
0.419625000	
0.424750000	
0.430000000	
0.435375000	
0.440937500	
0.446875000	
0.452937500	
0.459437500	
0.574875000	
0.581375000	
0.586500000	
0.591812500	
0.597062500	
0.602250000	
0.607437500	
0.612187500	
0.617125000	
0.622062500	
0.626875000	
0.631875000	
0.636812500	
0.641937500	
0.646875000	
0.651875000	
0.656875000	
0.661812500	
0.666812500	
0.671812500	
0.676937500	
0.681875000	
0.686812500	
0.692000000	
0.697000000	
0.702187500	
0.707437500	
0.712437500	
0.717750000	
0.723125000	
0.728750000	
0.734312500	
0.740000000	
0.745687500	
0.751687500	
0.757375000	
0.763312500	
0.768562500	
0.774375000	
0.779625000	
0.785125000	
0.790562500	
0.795875000	
0.801250000	
0.806500000	
0.811687500	
0.817187500	
0.822687500	
0.828000000	
0.833687500	
0.839375000	
0.845062500	
0.850375000	
0.856187500	
0.861937500	
0.867750000	
0.873500000	
0.879312500	
0.885375000	
0.891062500	
0.894500000	
0.896875000	
0.900562500	
0.903250000	
0.909250000	
0.915625000	
0.922250000	
0.928000000	
0.934312500	
0.940250000	
0.946312500	
0.952312500	
0.958062500	
0.964000000	
0.970000000	
0.975875000	
0.982000000	
0.987750000	
0.993750000	
0.999812500	
1.005312500	
1.011375000	
1.016875000	
1.023312500	
1.028562500	
1.034312500	
1.040500000	
1.046375000	
1.052375000	
1.057750000	
1.063562500	
1.069562500	
1.075625000	
1.081125000	
1.086625000	
1.092562500	
1.098750000	
1.103062500	
1.109000000	
1.114687500	
1.120687500	
1.126000000	
1.131437500	
1.137187500	
1.142812500	
1.148750000	
1.154062500	
1.159937500	
1.165312500	
1.171250000	
1.176875000	
1.182750000	
1.188312500	
1.193812500	
1.200062500	
1.205687500	
1.211187500	
1.217562500	
1.223187500	
1.228687500	
1.234562500	
1.240375000	
1.246687500	
1.252250000	
1.258437500	
1.263812500	
1.269875000	
1.275875000	
1.281812500	
1.287687500	
1.293687500	
1.299625000	
1.305750000	
1.311125000	
1.316812500	
1.323000000	
1.328437500	
1.334312500	
1.340312500	
1.346125000	
1.351937500	
1.358250000	
1.364437500	
1.369312500	
1.374562500	
1.379812500	
1.384687500	
1.389437500	
1.394187500	
1.399187500	
1.403812500	
1.408812500	
1.413687500	
1.418562500	
1.423437500	
1.428437500	
1.433812500	
1.438812500	
1.444187500	
1.448937500	
1.454500000	
1.460000000	
1.466000000	
1.471437500	
1.550875000	
1.556750000	
1.562375000	
1.568000000	
1.573687500	
1.579187500	
1.584562500	
1.590187500	
1.595562500	
1.601000000	
1.606625000	
1.611875000	
1.617562500	
1.623000000	
1.628875000	
1.634625000	
1.634625000	
1.640062500	
1.645875000	
1.651562500	
1.657000000	
1.662812500	
1.668562500	
1.674500000	
1.680375000	
1.685937500	
1.691625000	
1.697500000	
1.702937500	
1.708687500	
1.714437500	
1.719937500	
1.725687500	
1.731187500	
1.736875000	
1.742312500	
1.747937500	
1.753437500	
1.759000000	
1.764625000	
1.770000000	
1.775625000	
1.780937500	
1.786500000	
1.792187500	
1.798750000	
1.913937500	
1.919437500	
1.924750000	
1.930250000	
1.935937500	
1.941375000	
1.947125000	
1.952562500	
1.958187500	
1.963687500	
1.969312500	
1.974937500	
1.980562500	
1.986000000	
1.991812500	
1.997562500	
2.003125000	
2.008875000	
2.014812500	
2.020625000	
2.026437500	
2.032562500	
2.038687500	
2.045187500	
2.051250000	
2.057437500	
2.063375000	
2.069250000	
2.074812500	
2.080187500	
2.085875000	
2.091562500	
2.097250000	
2.102750000	
2.108562500	
2.114187500	
2.119937500	
2.125687500	
2.131562500	
2.137500000	
2.143437500	
2.149375000	
2.155500000	
2.161312500	
2.167187500	
2.173062500	
2.178875000	
2.184750000	
2.190625000	
2.196562500	
2.202562500	
2.208500000	
2.214500000	
2.220500000	
2.226625000	
2.232687500	
2.238750000	
2.244750000	
2.250750000	
2.257000000	
2.263562500	
2.269500000	
2.275250000	
2.281437500	
2.287812500	
2.293500000	
2.299750000	
2.305687500	
2.311625000	
2.317312500	
2.323750000	
2.329437500	
2.335375000	
2.341062500	
2.347062500	
2.353250000	
2.359625000	
2.364875000	
2.370937500	
2.377875000	
2.383250000	
2.388875000	
2.394875000	
2.401437500	
2.407375000	
2.413750000	
2.419312500	
2.425875000	
2.431625000	
2.615000000	
2.620062500	
2.626000000	
2.631625000	
2.637500000	
2.643125000	
2.649000000	
2.655062500	
2.660937500	
2.666250000	
2.673000000	
2.679062500	
2.683625000	
2.867937500	
2.873812500	
2.879625000	
2.885812500	
2.891875000	
2.898250000	
2.904250000	
2.910250000	
2.916375000	
2.922500000	
2.928562500	
2.934812500	
2.940750000	
2.947250000	
2.953750000	
2.960312500	
2.966500000	
2.972750000	
2.979437500	
2.985562500	
2.991687500	
2.998437500	
3.005125000	
3.010937500	
3.017937500	
3.024625000	
3.031062500	
3.037750000	
3.044062500	
3.050250000	
3.056562500	
3.063312500	
3.069312500	
3.075687500	
3.082250000	
3.088875000	
3.095375000	
3.101687500	
3.107812500	
3.114312500	
3.120437500	
3.127312500	
3.133187500	
3.139437500	
3.145937500	
3.151625000	
3.158562500	
3.163875000	
