0.222312500
0.227250000
0.232062500
0.237187500
0.242125000
0.247125000
0.252250000
0.257375000
0.262562500
0.267750000
0.273187500
0.278562500
0.284500000
0.290125000
0.296250000
0.301562500	
0.313500000	
0.320437500	
0.330375000
0.337375000	
0.346312500	
0.352187500	
0.364625000
0.370250000
0.375812500
0.380812500
0.386000000
0.391187500
0.396250000
0.401437500
0.406687500
0.411750000
0.416875000
0.422000000
0.427062500
0.432250000
0.437312500
0.442375000
0.447437500
0.452437500
0.457562500
0.462500000
0.467687500
0.472500000
0.477500000
0.482437500
0.487437500
0.492375000
0.497250000
0.502187500
0.507000000
0.511812500
0.516625000
0.521375000
0.526062500
0.530750000
0.535500000
0.540187500
0.545062500
0.549687500
0.554625000
0.559562500
0.564375000
0.569250000
0.574187500
0.579000000
0.583812500
0.588562500
0.593375000
0.598312500
0.603187500
0.607812500
0.612750000
0.617687500
0.622625000
0.627687500
0.632750000
0.637812500
0.642937500
0.648062500
0.653250000
0.658437500
0.663562500
0.668750000
0.674000000
0.679187500
0.684375000
0.689625000
0.694812500
0.700125000
0.705375000
0.710687500
0.716125000
0.721750000
0.727437500
0.733187500
0.739000000
0.744562500
0.750062500
0.755625000
0.761125000
0.766687500
0.772250000
0.777937500
0.783625000
0.789312500
0.795000000
0.800687500
0.806437500
0.812187500
0.818000000
0.823687500
0.829437500
0.835187500
0.840937500
0.847000000
0.852625000
0.858250000
0.864125000
0.870062500
0.875500000
0.881312500
0.887687500
0.893625000
0.899437500
0.905687500
0.911625000
0.917437500
0.922875000
0.928875000
0.934500000
0.939875000
0.945687500
0.951187500
0.956937500
0.962437500
0.968000000
0.973562500
0.979437500
0.985187500
0.990937500
0.996750000
1.002250000
1.008062500
1.013500000
1.019062500
1.024750000
1.030250000
1.035937500
1.041500000
1.046937500
1.052437500
1.057875000
1.063437500
1.068875000
1.074500000
1.080000000
1.085937500
1.091625000
1.097000000
1.102875000
1.108812500
1.114437500
1.120562500
1.126750000
1.133312500
1.140250000	
1.259812500
1.265000000
1.270062500
1.275312500
1.280812500
1.286187500
1.291750000
1.297312500
1.302562500
1.308125000
1.313500000
1.318875000
1.324437500
1.329812500
1.335437500
1.341062500
1.346812500
1.352875000
1.427187500
1.432500000
1.437812500
1.443062500
1.448312500
1.453812500
1.459500000
1.465125000
1.470937500
1.476625000
1.482375000
1.488187500
1.493875000
1.499750000
1.505500000
1.511250000
1.517000000
1.522750000
1.528437500
1.534125000
1.539875000
1.545562500
1.551250000
1.557000000
1.562750000
1.568437500
1.574187500
1.579937500
1.585625000
1.591375000
1.597437500
1.603500000
1.609750000
1.737125000
1.742937500
1.749312500
1.755250000
1.761687500
1.767375000
1.773625000
1.779687500
1.786125000
1.792250000
1.798437500
1.804937500
1.811750000
1.818000000
1.823812500
1.830312500
1.837687500
1.931187500
1.937187500
1.943562500
1.949937500
1.956437500
1.963000000
1.969375000
1.975875000
1.982437500
1.989125000
1.995687500
2.002312500
2.008937500
2.015625000
2.022000000
2.028812500
2.035187500
2.041812500
2.048312500
2.054812500
2.061312500
2.067750000
2.075375000
2.081687500
2.088062500
2.094187500
2.100312500
2.106875000
2.114000000	
