0.231500000
0.236750000
0.241875000
0.247000000
0.252125000
0.257375000
0.262437500
0.267625000
0.272812500
0.277937500
0.283125000
0.288312500
0.293437500
0.298687500
0.303812500
0.309000000
0.314187500
0.319437500
0.324812500
0.329750000
0.335250000
0.340687500
0.346250000
0.351937500
0.357562500
0.363250000
0.368875000
0.374500000
0.379937500
0.385500000
0.390812500
0.396250000
0.401625000
0.407000000
0.412437500
0.417812500
0.423250000
0.428562500
0.434562500
0.439937500
0.445312500
0.449625000
0.455562500
0.461125000
0.466687500
0.679062500
0.684187500
0.689375000
0.694625000
0.699812500
0.704937500
0.710187500
0.715687500
0.720937500
0.726187500
0.731437500
0.735812500
0.741187500
0.746812500
0.751750000
0.757875000
0.762250000
0.768437500
0.773750000
0.778000000
0.783625000
0.788937500
0.793750000
0.799250000
0.804375000
0.809437500
0.814562500
0.820000000
0.825062500
0.830000000
0.835125000
0.840250000
0.845312500
0.850500000
0.855500000
0.860687500
0.865812500
0.871000000
0.876125000
0.881437500
0.886812500
0.892375000
0.898312500
0.904500000
0.910875000
0.917500000
0.923750000
0.929937500
0.935687500
0.941125000
0.946312500
0.951375000
0.956250000
0.961000000
0.965937500
0.970750000
0.975562500
0.980437500
0.985312500
0.990125000
0.995000000
0.999750000
1.004625000
1.009500000
1.014250000
1.019125000
1.023937500
1.028875000
1.032937500
1.038562500
1.043500000
1.047750000
1.052687500
1.058312500
1.062500000
1.067500000
1.073312500
1.077500000
1.083437500
1.089625000
1.094187500
1.099562500
1.105125000
1.110687500
1.116937500
1.121625000
1.127062500
1.133000000
1.138437500
1.143937500
1.149375000
1.154500000
1.160375000
1.166000000
1.171500000
1.177062500
1.182562500
1.188187500
1.193687500
1.199187500
1.204687500
1.210125000
1.215437500
1.219500000
1.226250000
1.231750000
1.352250000
1.358250000
1.364187500
1.370375000
1.376375000
1.382500000
1.388625000
1.394812500
1.400750000
1.407000000
1.413625000
1.419687500
1.426000000
1.432187500
1.438750000
1.445062500
1.451437500
1.457750000
1.464062500
1.470500000
1.476750000
1.483125000
1.489375000
1.495687500
1.502312500
1.508562500
1.514812500
1.521000000
1.527125000
1.533375000
1.539375000
1.545562500
1.551687500
1.557812500
1.563875000
1.570000000
1.576000000
1.582250000
1.588375000
1.594312500
1.692875000
1.699437500
1.705500000
1.710812500
1.716625000
1.722750000
1.728312500
1.734500000
1.740250000
1.746125000
1.751937500
1.757875000
1.763937500
1.769437500
1.775187500
1.780500000
1.786312500
1.792000000
1.797812500
1.803562500
1.809250000
1.814812500
1.820687500
1.826187500
1.832000000
1.837500000
1.842812500
1.848437500
1.853750000
1.859062500
1.864312500
1.869562500
1.874875000
1.880187500
1.885437500
1.890875000
1.896687500
2.003375000
2.008312500
2.013437500
2.018437500
2.023687500
2.029000000
2.034312500
2.039625000
2.045250000
2.050625000
2.056062500
2.061687500
2.067312500
2.073937500
2.078437500
2.084187500
2.089750000
2.095625000
2.101375000
2.107187500
2.113000000
2.120125000
2.126062500
2.131812500
2.137500000
2.143125000
2.147500000
2.153500000
2.272812500
2.278750000
2.284875000
2.291062500
2.297375000
2.303562500
2.309812500
2.316937500
2.322500000
2.328875000
2.335187500
2.342312500
2.348687500
2.354125000
2.360375000
2.368187500
2.373125000
2.379500000
2.387625000
2.393937500
2.573000000	
2.584187500	
2.589937500
2.595812500
2.601750000
2.607687500
2.613625000
2.619500000
2.625437500
2.632625000
2.638562500
2.644437500
2.650312500
2.656250000
2.662125000
2.668062500
2.674125000
2.680125000
2.790062500
2.795125000
2.800625000
2.806500000
2.812312500
2.818250000
2.824250000
2.830187500
2.836250000
2.843562500
2.849625000
2.855687500
2.861625000
2.867562500
2.873500000
2.879375000
2.885125000
3.097250000
3.102625000
3.108187500
3.113875000
3.119562500
3.125312500
3.131125000
3.137062500
3.142937500
3.148812500
3.154750000
3.160812500
3.166812500
3.172937500
3.179125000
3.185312500
3.191562500
3.197875000
3.204125000
3.210437500
3.216687500
3.223000000
3.229250000
3.235437500
3.241875000
3.254562500
3.260875000
3.268687500	
3.275062500	
3.281000000	
