0.223000000
0.228500000
0.234250000
0.239750000
0.245187500
0.250812500
0.256437500
0.262062500
0.267625000
0.273125000
0.278625000
0.284437500
0.290000000
0.295687500
0.301312500
0.306875000
0.312625000
0.318250000
0.323875000
0.329562500
0.335187500
0.340937500
0.346625000
0.352312500
0.358125000
0.363875000
0.369625000
0.375437500
0.381125000
0.386937500
0.392812500
0.398500000
0.404312500
0.410062500
0.415937500
0.422250000
0.428687500	
0.576750000
0.582000000
0.587250000
0.592687500
0.598125000
0.603562500
0.609000000
0.614562500
0.620062500
0.625625000
0.631250000
0.636812500
0.642375000
0.647937500
0.653500000
0.659062500
0.664562500
0.669937500
0.675500000
0.681125000
0.686687500
0.692187500
0.697687500
0.703125000
0.708562500
0.713937500
0.719375000
0.724812500
0.730125000
0.735625000
0.741000000
0.746375000
0.751875000
0.757250000
0.762625000
0.767937500
0.773375000
0.778750000
0.784187500
0.789500000
0.794937500
0.800312500
0.805625000
0.810937500
0.816312500
0.821687500
0.826937500
0.832312500
0.837500000
0.842875000
0.848375000
0.853812500
0.859562500
1.026562500
1.031750000
1.037062500
1.042562500
1.048250000
1.053750000
1.059250000
1.064812500
1.070375000
1.076000000
1.081687500
1.087375000
1.093000000
1.098812500
1.104625000
1.110500000
1.116312500
1.122312500
1.128125000
1.134187500
1.140000000
1.146000000
1.152000000
1.158000000
1.163937500
1.169937500
1.175812500
1.182125000
1.188125000
1.195062500
1.200000000
1.206250000
1.212750000
1.218687500
1.224875000
1.230812500
1.236937500
1.243000000
1.249500000
1.255625000
1.261687500
1.268000000
1.273625000
1.280187500
1.286062500
1.292062500
1.298250000
1.304437500	
1.311000000	
1.317750000	
1.426875000
1.432875000
1.438500000
1.444187500
1.449937500
1.455125000
1.460750000
1.466687500
1.472625000
1.478437500
1.484000000
1.490000000
1.495812500
1.501687500
1.507625000
1.513625000
1.519750000
1.525625000
1.531625000
1.538187500
1.544250000
1.550437500
1.556437500
1.562562500
1.568625000
1.574687500
1.580625000
1.586812500
1.592875000
1.598875000
1.605000000
1.611125000
1.617250000
1.623625000
1.630000000
1.636625000
1.643000000	
1.650125000	
1.657250000	
1.663812500	
1.670750000	
1.677062500
1.683125000
1.689250000
1.694750000
1.701125000
1.707000000
1.712375000
1.718125000
1.723875000
1.730250000
1.735562500
1.741312500
1.747312500
1.753375000
1.759375000
1.765437500
1.771750000
1.778312500
1.785000000
1.791875000
1.799187500	
1.806000000	
1.813000000	
1.818875000
1.824875000
1.830937500
1.837000000
1.843250000	
1.849812500	
1.855250000
1.860812500
1.867187500	
1.873562500	
1.879812500	
1.885750000	
1.891937500	
1.898187500	
1.905187500	
1.911187500	
1.917000000	
1.923625000
1.929812500
1.936187500
1.942625000
1.948937500
1.955062500
1.961562500
1.967750000
1.974187500
1.980500000
1.986687500
1.993250000
1.999437500
2.005937500
2.012187500
2.018812500
2.025000000
2.031250000
2.037875000
2.044312500
2.051062500
2.057500000
2.064000000
2.070437500
2.076875000
2.083437500
2.090125000
2.096750000
2.103312500
2.110062500
2.116687500
2.123000000
2.129625000
2.136375000
2.143187500
2.149875000
2.156750000
2.163250000
2.169625000
2.176250000
2.183187500
2.189812500
2.196250000
2.203500000
2.210250000
2.216875000
2.223750000
2.230250000
2.237062500
2.243750000	
2.250562500	
2.257000000	
2.263812500	
2.270562500	
