0.216437500
0.221812500
0.226750000
0.232125000
0.237312500
0.243312500
0.248312500
0.252875000	
0.262000000	
0.267875000	
0.276875000	
0.294250000	
0.298687500	
0.303562500	
0.310000000	
0.318687500	
0.326187500
0.331937500
0.337375000
0.342687500
0.347937500
0.353187500
0.357562500
0.362750000
0.367937500
0.373125000
0.378250000
0.383312500
0.388312500
0.393312500
0.398375000
0.403250000
0.408312500
0.413500000
0.418437500
0.423937500
0.429500000
0.587562500
0.592437500
0.597250000
0.601812500
0.606625000
0.611312500
0.615875000
0.620750000
0.625500000
0.630125000
0.634812500
0.639375000
0.644000000
0.648750000
0.653437500
0.658187500
0.662750000
0.667437500
0.672125000
0.676687500
0.681500000
0.686187500
0.690750000
0.695562500
0.700187500
0.705062500
0.709812500
0.714375000
0.719062500
0.723750000
0.728375000
0.733187500
0.737187500
0.742437500
0.747125000
0.751812500
0.756625000
0.761500000
0.841125000
0.846562500
0.852000000
0.857062500
0.862750000
0.868125000
0.873437500
0.878812500
0.884312500
0.889625000
0.895062500
0.900625000
0.906062500
0.911562500
0.917125000
0.922875000
0.928500000
0.934187500
0.940500000	
0.946562500	
0.951687500	
0.958812500	
0.965312500	
0.971187500	
0.977437500	
0.983250000
0.989125000
0.994875000
1.000562500
1.006250000
1.012000000
1.017812500
1.023687500
1.029562500
1.035437500
1.041312500
1.047187500
1.053125000
1.059000000
1.064937500
1.070875000
1.076812500
1.082750000
1.088687500
1.094625000
1.099312500
1.105250000
1.111312500
1.118625000
1.123250000
1.130187500
1.136062500
1.141812500
1.147750000
1.153687500
1.159437500	
1.165437500	
1.171812500	
1.178875000	
1.184812500	
1.234125000	
1.239750000	
1.245812500	
1.252125000
1.257750000
1.264000000
1.270000000
1.276812500
1.281812500
1.288562500
1.294375000
1.300125000
1.306000000
1.311875000
1.317812500
1.323937500
1.329562500
1.336125000
1.343125000
1.350187500
1.362062500	
1.376250000	
1.403000000	
1.413000000	
1.414937500
1.420750000
1.426750000
1.432437500
1.439125000
1.446000000
1.450500000
1.458000000
1.462562500
1.469875000
1.474500000
1.480500000
1.486437500
1.492437500
1.500437500	
1.506812500	
1.611937500
1.617500000
1.623125000
1.628812500
1.634437500
1.640062500
1.645750000
1.651375000
1.657062500
1.662750000
1.668500000
1.674312500
1.680125000
1.685937500
1.691812500
1.697750000
1.703625000
1.709437500
1.715312500
1.721062500
1.726812500
1.732687500
1.738375000
1.744187500
1.749937500
1.755687500
1.761437500
1.767250000
1.773000000
1.778750000
1.784562500
1.790312500
1.796125000
1.801875000
1.807625000
1.813437500
1.819125000
1.824875000
1.831437500	
1.986937500
1.992625000
1.999250000
2.005000000
2.009125000
2.014750000
2.020437500
2.026250000
2.033000000	
2.170625000
2.177062500
2.183062500
2.189437500
2.195375000
2.202000000
2.207000000
2.213562500
2.219937500
2.226375000	
2.232750000	
2.239250000	
2.245625000	
2.253187500	
2.259687500
2.265875000
2.272062500
2.277812500	
2.283312500	
2.385187500
2.392062500
2.398437500
2.404750000
2.411187500
2.417500000
2.423937500
2.430375000
2.436812500
2.443375000
2.449875000
2.456562500
2.463125000
2.469812500
2.476500000
2.483250000
2.489937500
2.496312500
2.503125000
2.509750000
2.516375000
2.523000000
2.529625000
2.536250000
2.542875000
2.549562500
2.556250000
2.562812500
2.569375000
2.576000000
2.582500000
2.589125000
2.595625000
2.602125000
2.608562500
2.614937500
2.621312500
2.627250000
2.633687500
2.639937500	
2.646312500	
2.652375000	
2.658937500	
2.664937500	
