0.232437500
0.238187500	
0.242500000
0.248000000
0.253187500
0.258437500
0.263687500
0.268875000
0.274125000
0.279375000
0.284687500
0.290062500
0.295437500
0.300875000
0.306312500
0.311812500
0.317312500
0.322812500
0.328312500
0.333812500
0.339312500
0.344750000
0.350250000
0.355687500
0.361125000
0.366562500
0.372000000
0.377375000
0.382875000
0.388125000
0.393562500
0.398812500
0.404125000
0.409375000
0.414500000
0.419562500
0.424437500
0.429375000
0.434187500
0.439375000
0.444312500
0.449375000
0.726375000
0.731500000
0.736750000
0.742125000
0.747500000
0.752750000
0.758062500
0.763375000
0.768687500
0.774062500
0.779437500
0.784812500
0.790750000
0.795437500
0.800687500
0.805875000
0.811187500
0.816625000
0.821875000
0.827250000
0.832562500
0.837937500
0.843312500
0.848625000
0.854062500
0.860125000
0.864812500
0.870187500
0.876437500
0.882000000
0.887375000
0.893000000
0.897937500
0.904187500
0.909687500
0.915250000
0.921000000
0.926625000
0.932312500
0.938000000
0.943625000
0.949250000
0.955125000
0.960750000
0.966500000
0.972187500
0.978000000
0.983625000
0.989375000
0.995000000
1.000625000
1.006437500
1.012062500
1.017875000
1.023625000
1.029375000
1.035062500
1.040937500
1.046750000
1.052687500
1.058562500
1.064500000
1.070500000
1.076500000
1.082562500
1.088687500
1.094687500
1.100875000
1.107000000
1.113187500
1.119500000
1.125687500
1.131937500
1.138250000
1.144562500
1.150937500
1.157250000
1.163625000
1.169875000
1.176062500
1.182500000
1.188812500
1.195187500
1.201500000
1.207937500
1.214437500
1.220687500
1.227062500
1.233437500
1.239812500
1.246437500	
1.252687500	
1.259125000	
1.265250000	
1.271562500	
1.278500000	
1.284687500	
1.291062500	
1.297937500	
1.303812500	
1.310375000	
1.316875000	
1.322875000
1.329375000	
1.336437500	
1.343062500	
1.557375000
1.563625000
1.569625000
1.575750000
1.582000000
1.588312500
1.594625000
1.601062500
1.607562500
1.614062500
1.620562500
1.627125000
1.633687500
1.640187500
1.646875000
1.653312500
1.659875000
1.666437500
1.673062500
1.679562500
1.686187500
1.692687500
1.699250000
1.705812500
1.712375000
1.718875000
1.725312500
1.731937500
1.738437500
1.744937500
1.751375000
1.757937500
1.764250000
1.770750000
1.777000000
1.783437500
1.789562500
1.796500000	
1.802812500	
1.809562500	
1.816750000	
1.823312500	
1.829812500	
1.834812500	
1.840750000	
2.027687500
2.039375000
2.045250000
2.051375000
2.057312500
2.063250000
2.070062500
2.076000000
2.082062500
2.087937500
2.093937500
2.099750000
2.105625000
2.111500000
2.117375000
2.123312500
2.129312500
2.135375000
2.141500000
2.147125000
2.155250000	
2.162000000	
2.256937500
2.263875000
2.269937500
2.275875000
2.281812500
2.287750000
2.293500000
2.300125000	
2.306375000	
2.471687500
2.477312500
2.483062500
2.488937500
2.494812500
2.500687500
2.506625000
2.513500000
2.519500000
2.524562500
2.530562500
2.536562500
2.542687500
2.548750000
2.554937500
2.561125000
2.567312500
2.573562500
2.579812500
2.586125000
2.592437500
2.598812500
2.605062500
2.611375000
2.617625000
2.623812500
2.630062500
2.636187500
2.642312500
2.648375000
2.654437500
2.660562500
2.666437500
2.672437500
2.678437500
2.684375000
2.690437500
2.696437500
2.702625000
2.708750000
2.715250000
2.721437500
2.727687500
2.733500000
2.739500000
2.745375000
2.751125000
2.756750000
2.762312500
2.767875000
2.773500000
2.779125000
2.784750000
2.790312500
2.796062500
2.801687500
2.807312500
2.812937500
2.818625000
2.824312500
2.830000000
2.837625000	
2.968375000
2.973500000
2.979937500
2.984562500
2.990187500
2.997000000
3.001625000
3.007437500
3.013312500
3.020250000
3.026187500
3.032062500
3.037937500
3.043937500
3.049875000
3.055750000
3.061750000
3.067750000
3.073750000
3.079875000
3.085937500
3.092000000
3.098187500
3.103000000
3.110312500
3.115312500
3.121437500
3.128875000
3.135062500
3.141187500
3.147500000
3.153687500
3.160000000
3.166250000
3.172625000
3.178937500
3.185375000
3.191625000
3.198000000
3.204437500
3.210750000
3.217250000
3.223562500
3.229937500
3.236250000
3.242375000
3.248687500
3.254750000
3.261062500
3.267187500
3.273312500
3.279375000
3.285500000	
3.291750000	
3.297687500	
3.304312500	
3.309312500	
