0.226250000	
0.231437500	
0.236562500	
0.241750000	
0.246875000	
0.251937500	
0.257062500	
0.262187500	
0.267437500	
0.272437500	
0.277625000	
0.282875000	
0.288062500	
0.293250000	
0.298500000	
0.303687500	
0.308750000	
0.314000000	
0.319312500	
0.324625000	
0.330125000	
0.335625000	
0.341125000	
0.346500000	
0.351875000	
0.357187500	
0.362500000	
0.367937500	
0.373250000	
0.378500000	
0.383750000	
0.389125000	
0.394500000	
0.399687500	
0.404937500	
0.409875000	
0.414875000	
0.420062500	
0.425125000	
0.430250000	
0.435250000	
0.440375000	
0.445312500	
0.450375000	
0.455250000	
0.460187500	
0.465000000	
0.469937500	
0.474750000	
0.479687500	
0.484250000	
0.489187500	
0.493875000	
0.498687500	
0.503250000	
0.508125000	
0.512625000	
0.517375000	
0.521875000	
0.526500000	
0.531000000	
0.535625000	
0.540562500	
0.545500000	
0.550625000	
0.555750000	
0.560812500	
0.566125000	
0.571500000	
0.571500000	
0.576875000	
0.582750000	
0.588375000	
0.593062500	
0.598375000	
0.603625000	
0.608562500	
0.613375000	
0.618187500	
0.623312500	
0.627750000	
0.632562500	
0.637250000	
0.641750000	
0.646312500	
0.650687500	
0.655312500	
0.659750000	
0.664187500	
0.668562500	
0.673125000	
0.677812500	
0.682250000	
0.686875000	
0.691562500	
0.695937500	
0.700875000	
0.705500000	
0.710187500	
0.714812500	
0.719750000	
0.724625000	
0.729187500	
0.734000000	
0.738875000	
0.743750000	
0.748562500	
0.753500000	
0.758562500	
0.763750000	
0.769125000	
0.774687500	
0.780062500	
0.785625000	
0.791125000	
0.796625000	
0.802062500	
0.807500000	
0.813000000	
0.818687500	
0.824250000	
0.829125000	
0.834437500	
0.839562500	
0.844437500	
0.850062500	
0.855687500	
0.861125000	
0.866062500	
0.871250000	
0.876812500	
0.882437500	
0.887875000	
0.893187500	
0.898437500	
0.903812500	
0.909062500	
0.914437500	
0.919875000	
0.925000000	
0.930437500	
0.935812500	
0.941562500	
0.947437500	
1.045625000	
1.050812500	
1.055875000	
1.061125000	
1.066437500	
1.071437500	
1.077125000	
1.082375000	
1.087812500	
1.093250000	
1.098625000	
1.103750000	
1.109187500	
1.114937500	
1.120500000	
1.125875000	
1.131625000	
1.136562500	
1.142000000	
1.147625000	
1.153062500	
1.159000000	
1.164750000	
1.170437500	
1.176125000	
1.181750000	
1.187250000	
1.192875000	
1.198750000	
1.204250000	
1.210000000	
1.215500000	
1.221312500	
1.227000000	
1.232687500	
1.238187500	
1.243875000	
1.249562500	
1.255312500	
1.260812500	
1.266625000	
1.272125000	
1.277750000	
1.283812500	
1.289000000	
1.294687500	
1.300437500	
1.305875000	
1.311437500	
1.317250000	
1.322687500	
1.328437500	
1.334062500	
1.339687500	
1.345500000	
1.351062500	
1.356500000	
1.362437500	
1.368375000	
1.374500000	
1.380500000	
1.386687500	
1.392250000	
1.398125000	
1.403562500	
1.409187500	
1.414750000	
1.420437500	
1.425875000	
1.431500000	
1.437062500	
1.442812500	
1.448187500	
1.453625000	
1.459125000	
1.464875000	
1.470062500	
1.475437500	
1.481000000	
1.486312500	
1.491875000	
1.497250000	
1.502187500	
1.507875000	
1.514687500	
1.628500000	
1.633812500	
1.639187500	
1.644937500	
1.650437500	
1.656562500	
1.662125000	
1.668250000	
1.796500000	
1.801937500	
1.807250000	
1.812687500	
1.818062500	
1.823937500	
1.829687500	
1.835250000	
1.841500000	
1.846750000	
1.852625000	
1.858312500	
1.864187500	
1.870062500	
1.875750000	
1.881625000	
1.887312500	
1.893375000	
1.899250000	
1.905062500	
1.911000000	
1.916562500	
1.922750000	
1.928625000	
1.934187500	
1.939812500	
1.945875000	
1.951625000	
1.957312500	
1.962812500	
1.968687500	
1.974437500	
1.979875000	
1.985562500	
1.991062500	
1.996937500	
2.002437500	
2.008125000	
2.013750000	
2.018875000	
2.024312500	
2.030187500	
2.035500000	
2.040562500	
2.045750000	
2.050687500	
2.056250000	
2.061500000	
2.066812500	
2.072000000	
2.077250000	
2.082187500	
2.087312500	
2.092812500	
2.097812500	
2.103250000	
2.108937500	
2.114312500	
2.119500000	
2.125875000	
2.179500000	
2.189312500	
2.195187500	
2.201000000	
2.206125000	
2.211125000	
2.216875000	
2.222312500	
2.227625000	
2.233500000	
2.238875000	
2.244312500	
2.250312500	
2.255750000	
2.261250000	
2.266875000	
2.272250000	
2.278125000	
2.283750000	
2.289312500	
2.294937500	
2.300562500	
2.306187500	
2.311937500	
2.317625000	
2.323437500	
2.329000000	
2.334937500	
2.339812500	
2.345937500	
2.350937500	
2.356937500	
2.362875000	
2.368562500	
2.374812500	
2.380250000	
2.386437500	
2.392000000	
2.397937500	
2.403625000	
2.409750000	
2.415562500	
2.421812500	
2.427562500	
2.433437500	
2.439062500	
2.439062500	
2.445437500	
2.451187500	
2.457125000	
2.463312500	
2.469000000	
2.475062500	
2.480937500	
2.487125000	
2.493000000	
2.498937500	
2.505062500	
2.511250000	
2.517500000	
2.523312500	
2.529187500	
2.535250000	
2.541312500	
2.547562500	
2.553625000	
2.559437500	
2.565937500	
2.571500000	
2.577625000	
2.583812500	
2.589375000	
2.595062500	
2.600812500	
2.607062500	
2.613000000	
2.619000000	
2.625000000	
