0.225625000
0.230875000
0.236250000
0.241687500
0.247000000
0.252312500
0.257750000
0.263062500
0.268500000
0.273937500
0.279375000
0.284875000
0.290437500
0.296000000
0.301625000
0.307250000
0.312875000
0.318500000
0.324125000
0.329750000
0.335375000
0.340937500
0.346500000
0.352062500
0.357687500
0.363250000
0.368812500
0.374437500
0.380000000
0.385562500
0.391187500
0.396750000
0.402250000
0.407687500
0.413062500
0.418500000
0.423875000
0.429250000
0.434562500
0.439812500
0.445062500
0.450250000
0.455437500
0.460562500
0.465750000
0.470750000
0.475937500
0.481000000
0.486125000
0.491187500
0.496312500
0.501625000
0.506937500
0.512562500
0.518062500
0.524062500
0.530875000
0.536500000	
0.544937500	
0.553687500	
0.560000000	
0.568000000	
0.575125000
0.581625000
0.587437500
0.593250000
0.598687500
0.604125000
0.609562500
0.614937500
0.620000000
0.626437500
0.631687500
0.637062500
0.642250000	
0.647562500
0.653062500	
0.658312500
0.801312500
0.806812500
0.812312500
0.817750000
0.823187500
0.828687500
0.834125000
0.839562500
0.845187500
0.852062500
0.857937500
0.864000000
0.869125000
0.875312500
0.881500000
0.887750000
0.893937500
0.899875000
0.905812500
0.911562500
0.917312500
0.923000000
0.928687500
0.934250000
0.939937500
0.945562500
0.951125000
0.956687500
0.962312500
0.967937500
0.973625000
0.979312500
0.985125000
0.991000000
0.996875000
1.002812500
1.008750000
1.014687500
1.020687500
1.026500000
1.032437500
1.038437500
1.044437500
1.050375000
1.056437500
1.062500000
1.068562500
1.074625000
1.080812500
1.086937500
1.093125000
1.099187500
1.105375000
1.111562500
1.117687500
1.123875000
1.130062500
1.136250000
1.142437500
1.148750000
1.154937500
1.162250000
1.167562500
1.173812500
1.180250000
1.186500000
1.192812500
1.199187500
1.205437500
1.211812500
1.218125000
1.224562500
1.230875000
1.237375000
1.243625000
1.250000000
1.256500000
1.262937500
1.269312500
1.275562500
1.281937500
1.288375000
1.294562500
1.301875000
1.308000000
1.314187500
1.320437500
1.326750000
1.332750000
1.338875000
1.344937500
1.350812500	
1.414500000
1.428687500	
1.455562500	
1.471937500	
1.480687500
1.487875000
1.494062500	
1.500187500	
1.506875000
1.513500000
1.519625000
1.526375000
1.533125000
1.539562500
1.546062500
1.552562500
1.559062500
1.565500000
1.572000000
1.578500000
1.584812500
1.591187500
1.597500000
1.603812500
1.610187500
1.616500000
1.622875000
1.629187500
1.635437500
1.641812500
1.648187500
1.654500000
1.659250000
1.666812500
1.673500000
1.679750000
1.686062500
1.692312500
1.698562500
1.704875000
1.711062500
1.717500000
1.723875000
1.730312500
1.736750000
1.743375000
1.748562500
1.755125000
1.761687500
1.768437500
1.775062500
1.781812500
1.788562500
1.795000000
1.801875000
1.808375000
1.815125000
1.822000000
1.828750000
1.835687500
1.842687500
1.849812500
1.856625000
1.863500000
1.870562500
1.877500000
1.884812500
1.891812500
1.899000000	
1.910625000	
1.916000000	
1.920812500	
