0.225562500
0.230437500
0.235500000
0.240562500
0.245625000
0.250750000
0.255875000
0.260937500
0.266062500
0.271187500
0.276312500
0.281500000
0.286625000
0.291750000
0.296937500
0.302187500
0.307437500
0.312625000
0.317875000
0.323187500
0.328437500
0.333750000
0.339000000
0.344312500
0.349625000
0.355000000
0.360437500
0.365937500
0.371375000
0.376937500
0.382562500
0.388250000
0.394000000
0.399687500
0.405437500
0.411250000
0.416937500
0.422750000
0.428562500
0.434312500
0.440125000
0.445875000
0.451625000
0.457375000
0.463125000
0.468875000
0.474562500
0.480250000
0.486125000
0.491687500
0.497437500
0.503000000
0.508750000
0.514437500
0.519875000
0.525562500
0.530937500
0.536375000
0.541875000
0.547250000
0.552562500
0.557875000
0.563187500
0.568437500
0.573562500
0.578750000
0.583937500
0.588937500
0.594062500
0.599187500
0.604187500
0.609250000
0.614187500
0.619187500
0.624125000
0.629125000
0.634062500
0.639000000
0.644000000
0.649062500
0.654187500
0.659375000
0.665125000	
0.749812500
0.755562500
0.761062500
0.766625000
0.772062500
0.777500000
0.782875000
0.788312500
0.793562500
0.798937500
0.804375000
0.809750000
0.815125000
0.820625000
0.826062500
0.831625000
0.837187500
0.842750000
0.848312500
0.853812500
0.859375000
0.864937500
0.870625000
0.876187500
0.881875000
0.887500000
0.893187500
0.898937500
0.904687500
0.910500000
0.916437500
0.922250000
0.928125000
0.933937500
0.939937500
0.945750000
0.951625000
0.957625000
0.963562500
0.969562500
0.975812500
0.981562500
0.987812500
0.993750000
0.999750000
1.006000000
1.011875000
1.017812500
1.023875000
1.030000000
1.036000000
1.041875000
1.047937500
1.053812500
1.059812500
1.065687500
1.071625000
1.077437500
1.083312500
1.089000000
1.094812500
1.100750000
1.106500000
1.112312500
1.118062500
1.123875000
1.129687500
1.135562500
1.141437500
1.147437500
1.153500000
1.159687500
1.166000000
1.172312500	
1.178875000	
1.185312500	
1.191812500	
1.198062500	
1.205125000	
1.211000000
1.217125000
1.221750000
1.227687500
1.233500000
1.239625000
1.245500000
1.251562500
1.257750000
1.263750000
1.269937500
1.276000000
1.282062500
1.288187500
1.294250000
1.300375000
1.306500000
1.312500000
1.318625000
1.324687500
1.330812500
1.336750000
1.342687500
1.348750000
1.354625000
1.360625000
1.366500000
1.372437500
1.378375000
1.384187500
1.390062500
1.395875000
1.401750000
1.407562500
1.413375000
1.419125000
1.424875000
1.430562500
1.436437500
1.443250000	
1.584937500
1.590312500
1.595812500
1.601500000
1.607187500
1.612937500
1.618750000
1.624687500
1.630687500
1.636687500
1.642812500
1.648937500
1.655250000
1.661437500
1.667750000
1.674125000
1.680562500
1.686937500
1.693437500
1.699937500
1.706437500
1.713000000
1.719562500
1.726187500
1.732750000
1.739500000
1.746500000
1.753875000
1.761250000
1.767375000	
1.771625000	
