0.222500000	
0.226875000	
0.231687500	
0.236312500	
0.241250000	
0.245937500	
0.250750000	
0.255312500	
0.260187500	
0.265000000	
0.269562500	
0.274312500	
0.278875000	
0.283625000	
0.288375000	
0.293312500	
0.298062500	
0.302812500	
0.307750000	
0.312375000	
0.317250000	
0.322187500	
0.327000000	
0.331875000	
0.336875000	
0.341375000	
0.346437500	
0.351437500	
0.356500000	
0.361750000	
0.366812500	
0.371812500	
0.376750000	
0.381812500	
0.386687500	
0.391687500	
0.396562500	
0.401500000	
0.406625000	
0.411625000	
0.416500000	
0.421500000	
0.426500000	
0.431625000	
0.436562500	
0.441750000	
0.447187500	
0.452437500	
0.458250000	
0.463812500	
0.469625000	
0.475375000	
0.481062500	
0.486500000	
0.491812500	
0.497312500	
0.502375000	
0.507375000	
0.512562500	
0.517875000	
0.523125000	
0.528437500	
0.533812500	
0.539812500	
0.545687500	
0.692562500	
0.697625000	
0.702875000	
0.707875000	
0.713125000	
0.718250000	
0.723312500	
0.728812500	
0.733812500	
0.738875000	
0.743875000	
0.749062500	
0.754062500	
0.759250000	
0.764312500	
0.769562500	
0.774937500	
0.780562500	
0.878625000	
0.883375000	
0.888187500	
0.892812500	
0.897625000	
0.902125000	
0.907250000	
0.912125000	
0.917000000	
0.921750000	
0.926312500	
0.931312500	
0.936250000	
0.940875000	
0.946000000	
0.950875000	
0.955375000	
0.960500000	
0.965562500	
0.970687500	
0.976437500	
0.981812500	
0.987250000	
0.992500000	
0.998625000	
1.004062500	
1.009687500	
1.015187500	
1.035500000	
1.041062500	
1.046187500	
1.051062500	
1.056000000	
1.061062500	
1.066000000	
1.071062500	
1.076312500	
1.081312500	
1.086625000	
1.091750000	
1.097062500	
1.102250000	
1.107687500	
1.113562500	
1.119812500	
1.125750000	
1.131812500	
1.370812500	
1.375937500	
1.381562500	
1.386625000	
1.392187500	
1.397500000	
1.402812500	
1.408437500	
1.413937500	
1.419812500	
1.425312500	
1.430750000	
1.436375000	
1.441937500	
1.447875000	
1.453500000	
1.459187500	
1.464937500	
1.470687500	
1.476250000	
1.482062500	
1.487500000	
1.493062500	
1.499187500	
1.505062500	
1.510812500	
1.516562500	
1.522000000	
1.527625000	
1.533500000	
1.539312500	
1.545312500	
1.551312500	
1.557125000	
1.563187500	
1.569500000	
1.575187500	
1.581375000	
1.587437500	
1.593375000	
1.599187500	
1.605062500	
1.610875000	
1.616750000	
1.622875000	
1.628937500	
1.634875000	
1.640625000	
1.646750000	
1.652500000	
1.658375000	
1.664500000	
1.670500000	
1.676687500	
1.682875000	
1.689000000	
1.695062500	
1.701187500	
1.707812500	
