0.227812500
0.232625000
0.237437500
0.242312500
0.247187500
0.252125000
0.257062500
0.262000000
0.267062500
0.272062500
0.277125000
0.282250000
0.287312500
0.292500000
0.297687500
0.302937500
0.308375000
0.314062500
0.319812500
0.325625000
0.331375000
0.336812500
0.345375000
0.351375000
0.359125000
0.364062500
0.370625000
0.375437500
0.381375000
0.386562500
0.392062500
0.397500000
0.402812500
0.408875000
0.413562500
0.418937500
0.424250000
0.429625000
0.435062500
0.440500000
0.445812500
0.451250000
0.456687500
0.462125000
0.467562500
0.473000000
0.478375000
0.483750000
0.489125000
0.494500000
0.499875000
0.505250000
0.510562500
0.515937500
0.521375000
0.526687500
0.532062500
0.537437500
0.542750000
0.548125000
0.553375000
0.558687500
0.564000000
0.569250000
0.574562500
0.580000000
0.585250000
0.590625000
0.596250000
0.601750000
0.607375000
0.612875000
0.618562500
0.624125000
0.629812500
0.635375000
0.640812500
0.646187500
0.651437500
0.656687500
0.661687500
0.666875000
0.671937500
0.677187500
0.682375000
0.687562500
0.692875000
0.698312500
0.703937500
0.709562500
0.715312500
0.721312500
0.727187500
0.734187500	
0.740375000	
0.745375000
0.751250000
0.757250000
0.763125000
0.769000000
0.774750000
0.780437500
0.786187500
0.791750000
0.797125000
0.802625000
0.808062500
0.813500000
0.818937500
0.824375000
0.830000000
0.835562500
0.841187500
0.846937500
0.852750000
0.858437500
0.864250000
0.870062500
0.875750000
0.882750000
0.887312500
0.893187500
0.899062500
0.904750000
0.910500000
0.916312500
0.922125000
0.927875000
0.933687500
0.939375000
0.945375000
0.951125000
0.956937500
0.962875000
0.968687500
0.974562500
0.980500000
0.986312500
0.992312500
0.998187500
1.004062500
1.010125000
1.016125000
1.022125000
1.028250000
1.034250000
1.040375000
1.046375000
1.052437500
1.058437500
1.064562500
1.070562500
1.076687500
1.082812500
1.088875000
1.094937500
1.101062500
1.107125000
1.113187500
1.119312500
1.125437500
1.131437500
1.137625000
1.143812500
1.149875000
1.155937500
1.162125000
1.168187500
1.174375000
1.180500000
1.186750000
1.193062500
1.199250000
1.205562500
1.211687500
1.217812500
1.223687500
1.229687500
1.235562500
1.241562500
1.247500000
1.253375000
1.260250000
1.264937500
1.271875000
1.277625000
1.283375000
1.288812500
1.293000000
1.298562500
1.305000000	
1.310375000
1.459312500
1.464375000
1.469875000
1.475625000
1.481312500
1.487125000
1.493000000
1.498875000
1.504812500
1.510750000
1.516687500
1.522562500
1.528562500
1.534375000
1.540312500
1.546125000
1.552125000
1.558062500
1.564062500
1.570125000
1.576375000
1.582750000
1.589250000
1.595750000
1.602375000
1.608937500
1.615562500
1.622000000
1.628250000
1.634312500
1.640250000
1.646000000
1.651625000
1.657312500
1.664187500
1.668562500
1.675625000
1.681250000
1.685625000
1.692062500	
1.697437500	
1.702812500
1.708250000
1.713562500
1.718875000
1.724187500
1.729562500
1.735000000
1.740625000
1.746250000
1.751312500
1.756937500
1.762562500
1.768375000
1.775812500
1.781687500
1.785937500
1.791875000
1.797812500
1.803750000
1.809687500
1.815625000
1.821500000
1.827375000
1.833312500
1.839250000
1.845187500
1.851125000
1.857125000
1.863062500
1.869125000
1.875187500
1.881187500
1.887250000
1.893187500
1.899187500
1.905250000
1.911187500
1.917125000
1.923000000
1.929000000
1.934937500
1.941062500
1.947250000
1.953562500
1.960000000
1.966562500
1.973562500	
1.980437500	
1.987687500	
1.993625000	
1.998125000
2.004125000
2.010125000
2.016062500
2.022187500
2.028250000
2.034312500
2.040437500
2.046437500
2.052437500
2.058500000
2.064437500
2.070625000
2.076625000
2.082625000
2.088750000
2.094875000
2.100937500
2.107125000
2.113312500
2.119500000
2.125687500
2.131937500
2.138125000
2.144437500
2.150750000
2.156937500
2.163187500
2.169437500
2.175750000
2.182000000
2.188312500
2.194562500
2.200875000
2.207125000
2.213500000
2.219750000
2.226062500
2.232250000
2.238437500
2.244562500
2.251812500	
2.258125000	
2.264687500	
2.270750000	
2.277000000	
2.283750000	
2.290062500	
