0.230437500
0.235250000
0.240562500
0.246062500
0.251187500
0.256687500
0.262062500
0.267437500
0.272812500
0.277875000
0.283250000
0.288750000
0.293500000
0.298750000
0.304062500
0.309437500
0.314812500
0.320250000
0.325687500
0.331062500
0.336562500
0.342000000
0.347437500
0.352750000
0.358312500
0.363625000
0.369062500
0.374437500
0.379625000
0.384875000
0.390250000
0.395375000
0.400500000
0.405500000
0.410500000
0.415375000
0.420250000
0.425125000
0.429875000
0.434625000
0.439437500
0.444125000
0.448937500
0.453625000
0.458312500
0.463250000
0.468187500
0.473187500
0.478812500
0.611125000
0.615250000
0.619875000
0.624625000
0.629250000
0.634312500
0.639187500
0.644250000
0.649562500
0.654750000
0.659812500
0.665250000
0.670375000
0.675687500
0.680937500
0.686187500
0.691375000
0.696625000
0.701937500
0.707625000
0.714000000	
0.843812500
0.849375000
0.855125000
0.860687500
0.866375000
0.872250000
0.878062500
0.884000000
0.889937500
0.894687500
0.900562500
0.906500000
0.912562500
0.918687500
0.924687500
0.930875000
0.936812500
0.942812500
0.948750000
0.954937500
0.960812500
0.966687500
0.972750000
0.979875000
0.986187500
0.992000000
0.998125000
1.003375000
1.010312500
1.016500000
1.027000000	
1.034625000	
1.039062500	
1.049062500	
1.057750000	
1.067187500	
1.074125000	
1.081500000	
1.091437500
1.097937500
1.103250000
1.108250000
1.114937500
1.120687500
1.126500000
1.132250000
1.138000000
1.143875000
1.149687500
1.155500000
1.161312500
1.167250000
1.172875000
1.178875000
1.184562500
1.190437500
1.196375000
1.202437500
1.208312500
1.214250000
1.220312500
1.226250000
1.232187500
1.237937500
1.244000000
1.249875000
1.255812500
1.261687500
1.267625000
1.273562500
1.279500000
1.285187500
1.291062500
1.296937500
1.303125000
1.309125000
1.315062500
1.320812500
1.326875000
1.332625000
1.338375000
1.344562500
1.350062500
1.356125000
1.362062500
1.367687500
1.373625000
1.379125000
1.383937500
1.390562500
1.396187500
1.401937500
1.407437500
1.413062500
1.418625000
1.424125000
1.429562500
1.434812500
1.440375000
1.444687500
1.450125000
1.455437500
1.460750000
1.466000000
1.471437500
1.476875000
1.482312500
1.487875000
1.493500000
1.499250000
1.505125000
1.511187500
1.517312500
1.523687500
1.530250000	
1.535500000	
1.540937500
1.546250000
1.551625000
1.557000000
1.563750000
1.569250000
1.574875000
1.580687500
1.586125000
1.591875000
1.597687500
1.602312500
1.609437500
1.615125000
1.621125000
1.626937500
1.631500000
1.637312500
1.643062500
1.648812500
1.655312500
1.661125000
1.666312500
1.671000000
1.676875000
1.682625000
1.842562500
1.848375000
1.854250000
1.860187500
1.866312500
1.872375000
1.878562500
1.884750000
1.890937500
1.897250000
1.903500000
1.910687500
1.917062500
1.923437500
1.929812500
1.936187500
1.942562500
1.948875000
1.955250000
1.960625000
1.967875000
1.974125000
1.980312500
1.986437500
1.992625000
1.998750000
2.004687500
2.010812500	
2.016687500	
2.023500000	
2.137375000
2.142750000
2.148437500
2.154187500
2.160000000
2.166000000
2.171812500
2.177625000
2.183687500
2.189625000
2.195562500
2.201500000
2.207375000
2.213250000
2.219187500
2.225000000
2.230750000
2.236562500
2.242187500
2.247875000
2.253437500
2.259250000
2.265250000
2.271125000
2.354562500
2.359812500
2.365250000
2.370750000
2.376312500
2.381875000
2.387625000
2.393437500
2.399375000
2.405437500
2.411625000
2.417875000
2.424687500	
2.431062500	
2.437375000	
2.443625000
2.473125000
2.478375000
2.484125000
2.489875000
2.495562500
2.501187500
2.506875000
2.512437500
2.518000000
2.523625000
2.529250000
2.534812500
2.540437500
2.546062500
2.551750000
2.557500000
2.563250000
2.569062500
2.574875000
2.580812500
2.586625000
2.592625000
2.598437500
2.604250000
2.610187500
2.616062500
2.621937500
2.627875000
2.633625000
2.639500000
2.645625000
2.651375000
2.657250000
2.663187500
2.669250000
2.675000000
2.681000000
2.686875000
2.692687500
2.698625000
2.704500000
2.710187500
2.716875000	
2.723312500	
2.841062500
2.846812500
2.852750000
2.858875000
2.865937500
2.871187500
2.877375000
2.883687500
2.889937500
2.896312500
2.902687500
2.908812500
2.915250000
2.921562500
2.927937500
2.934062500
2.940312500
2.946687500
2.953187500
2.959500000
2.965875000
2.972375000
2.978750000
2.985187500
2.992437500
2.999312500
3.005312500
3.011875000
3.018312500
3.024562500
3.029437500
3.037187500
3.043437500
3.049187500
3.055000000	
3.060750000	
3.066937500	
3.072812500	
