0.249500000
0.253812500
0.258312500
0.262750000
0.267250000
0.271750000
0.276250000
0.280750000
0.285250000
0.289750000
0.294187500
0.298687500
0.303187500
0.307687500
0.312187500
0.316625000
0.321062500
0.325562500
0.330000000
0.334437500
0.338875000
0.343312500
0.347750000
0.352187500
0.356562500
0.361000000
0.365375000
0.369812500
0.374250000
0.378625000
0.383062500
0.387562500
0.392062500
0.396500000
0.401000000
0.405500000
0.410000000
0.414500000
0.418937500
0.423375000
0.427875000
0.432250000
0.436687500
0.441125000
0.445500000
0.449937500
0.454375000
0.458812500
0.463187500
0.467562500
0.472000000
0.476375000
0.480812500
0.485187500
0.489625000
0.494062500
0.498500000
0.502937500
0.507375000
0.511812500
0.516250000
0.520687500
0.525062500
0.529500000
0.533937500
0.538375000
0.542812500
0.547187500
0.551625000
0.556125000
0.560562500
0.565000000
0.569437500
0.573937500
0.578437500
0.583000000
0.587562500
0.592125000
0.596687500
0.601312500
0.605937500
0.610625000
0.615250000
0.620000000
0.624687500
0.629437500
0.634312500
0.639125000
0.644062500
0.648875000
0.653812500
0.658812500
0.663937500
0.669000000
0.674062500
0.679250000
0.684500000
0.689875000
0.695125000
0.700437500
0.705875000
0.711312500
0.716562500
0.721875000
0.727375000
0.732625000
0.738125000
0.743500000
0.748750000
0.754187500
0.759562500
0.764937500
0.770312500
0.775687500
0.781062500
0.786437500
0.791750000
0.797125000
0.802625000
0.808000000
0.813312500
0.818687500
0.824187500
0.829562500
0.835000000
0.840375000
0.845812500
0.851312500
0.856750000
0.862125000
0.867687500
0.873125000
0.878562500
0.884125000
0.889625000
0.895062500
0.900625000
0.906125000
0.911562500
0.917062500
0.922625000
0.928125000
0.933625000
0.939062500
0.944500000
0.949875000
0.955062500
0.960437500
0.965812500
0.971250000
0.976687500
1.110250000
1.115500000
1.121000000
1.126562500
1.132187500
1.137812500
1.143437500
1.149250000
1.154875000
1.160687500
1.166312500
1.172000000
1.177687500
1.183312500
1.189000000
1.194625000
1.200250000
1.205937500
1.211500000
1.217062500
1.222500000
1.228000000
1.233437500
1.238937500
1.244312500
1.249687500
1.255062500
1.260437500
1.265625000
1.270812500
1.276000000
1.281250000
1.286750000
1.397687500
1.403062500
1.408437500
1.413937500
1.419500000
1.425125000
1.430812500
1.436875000
1.443125000
1.449562500
1.455875000
1.463250000	
1.468625000
1.474875000
1.480875000
1.486812500
1.492750000
1.498625000
1.504562500
1.510500000
1.516562500
1.522625000
1.528687500
1.534812500
1.540937500
1.547062500
1.553187500
1.559312500
1.565375000
1.571437500
1.577500000
1.584437500
1.590375000
1.596750000
1.602625000	
1.608437500	
1.614250000	
1.790500000
1.795937500
1.801437500
1.807187500
1.813000000
1.818875000
1.824687500
1.830437500
1.836250000
1.842000000
1.847750000
1.853562500
1.859375000
1.865250000
1.871125000
1.877062500
1.883000000
1.889000000
1.895062500
1.900937500
1.906875000
1.912812500
1.918750000
1.924750000
1.930750000
1.936687500
1.943562500
1.949250000
1.953937500
1.960062500
2.039687500
2.045375000
2.051250000
2.057250000
2.063125000
2.069125000
2.075000000
2.081125000
2.087125000
2.093187500
2.099187500
2.105187500
2.112562500
2.118562500
2.124625000
2.130312500
2.135875000	
2.141750000	
2.147875000	
2.153562500	
2.284125000
2.289625000
2.295000000
2.300625000
2.306125000
2.311812500
2.317375000
2.323000000
2.328562500
2.334312500
2.339937500
2.345625000
2.351375000
2.357125000
2.362937500
2.368687500
2.374562500
2.380437500
2.386250000
2.392125000
2.398000000
2.403875000
2.409687500
2.415625000
2.421437500
2.427375000
2.433187500
2.439187500
2.445062500
2.451000000
2.456875000
2.462812500
2.468687500
2.474625000
2.480625000
2.486562500
2.492562500
2.498562500
2.504562500
2.510562500
2.516500000
2.522562500
2.528437500
2.534375000
2.540250000
2.546250000
2.552375000
2.558437500
2.564312500
2.570062500
2.575875000
2.581562500
2.587312500
2.593062500
2.598750000
2.604437500
2.610187500
2.615875000
2.621562500
2.627250000
2.633000000
2.638687500
2.644375000
2.650187500
2.655937500
2.661687500
2.667625000
2.673562500
2.679687500
2.685812500
2.692125000
2.698875000	
2.704937500
2.710500000
2.716375000
2.722312500
2.728187500
2.733937500
2.739687500
2.745375000
2.751125000
2.756937500
2.762812500
2.768625000
2.774500000
2.780375000
2.786250000
2.792125000
2.798062500
2.804000000
2.809937500
2.816062500
2.822125000
2.828437500
2.834687500
2.841125000
2.847562500
2.854125000
2.860687500
2.867125000
2.873500000
2.879812500
2.887187500
2.893437500
2.899750000
2.906062500
2.912312500
2.918625000
2.924937500
2.931187500
2.936000000
2.942375000
2.948687500
2.955125000
2.961562500
2.968062500
2.974562500
2.981062500
2.987500000
2.993937500
3.000125000
3.006562500
3.012875000
3.019750000
3.025500000
3.032625000
3.039375000
3.045437500
3.052250000	
