0.226437500
0.231625000
0.236687500
0.241812500
0.247000000
0.252062500
0.257250000
0.262437500
0.267812500
0.273187500
0.278625000
0.284125000
0.289750000
0.295437500
0.301062500
0.306812500
0.312687500
0.318687500
0.324812500
0.330812500
0.337187500
0.343062500
0.348625000
0.354312500
0.360062500
0.365687500
0.371312500
0.376937500
0.382437500
0.388562500
0.393625000
0.399312500
0.405000000
0.410437500
0.416125000
0.421312500
0.427312500
0.432937500
0.438312500
0.443750000
0.449375000
0.455250000
0.460562500
0.466250000
0.471937500
0.477125000
0.482687500
0.488125000
0.493500000
0.498812500
0.504250000
0.509312500
0.514562500
0.519750000
0.524875000
0.530062500
0.535187500
0.540500000
0.545437500
0.550562500
0.555437500
0.560437500
0.565250000
0.570687500
0.575500000
0.580000000
0.584937500
0.589750000
0.594500000
0.599187500
0.603625000
0.608625000
0.613125000
0.618062500
0.622812500
0.627250000
0.632000000
0.636562500
0.641437500
0.646375000
0.651562500
0.656812500
0.662125000
0.667437500
0.673312500	
0.753125000
0.759062500
0.764937500
0.771125000
0.776812500
0.782625000
0.788500000
0.794000000
0.799625000
0.805062500
0.810687500
0.816375000
0.822250000
0.827562500
0.833437500
0.839000000
0.844687500
0.850500000
0.856312500
0.861937500
0.867937500
0.874562500
0.881437500	
0.888562500	
1.018875000
1.024562500
1.030687500
1.036687500
1.042937500
1.049062500
1.055125000
1.061500000
1.067312500
1.073250000
1.079562500
1.085187500
1.091312500
1.097187500
1.103562500
1.109062500
1.115000000
1.120875000
1.126750000
1.132062500
1.138437500
1.143750000
1.149312500
1.154937500
1.160500000
1.166000000
1.171437500
1.176875000
1.182437500
1.187812500
1.193125000
1.198562500
1.203937500
1.209437500
1.214875000
1.220312500
1.225875000
1.231500000
1.237375000
1.243312500
1.249250000
1.255312500
1.261187500
1.267312500
1.272687500
1.279000000
1.289250000
1.293875000
1.299625000
1.310312500
1.315812500
1.321125000
1.326687500
1.332125000
1.337625000
1.343125000
1.348500000
1.354000000
1.360750000
1.366250000
1.370437500
1.377187500
1.382812500
1.386937500
1.392750000
1.398500000
1.404375000
1.410250000
1.416437500
1.422750000
1.429000000
1.441062500
1.446750000
1.452250000
1.457687500
1.463062500
1.468437500
1.473812500
1.479250000
1.484687500
1.490062500
1.495562500
1.500937500
1.506500000
1.512062500
1.517625000
1.524562500
1.530125000
1.535750000
1.541375000
1.547062500
1.552812500
1.558437500
1.564187500
1.569937500
1.575750000
1.581625000
1.587500000
1.593437500
1.599375000
1.605375000
1.611437500
1.617625000
1.623750000
1.629937500
1.636125000
1.642125000
1.648187500
1.654687500
1.661250000
1.668000000
1.674437500
1.680937500
1.687625000
1.694312500
1.700437500
1.707000000
1.718625000
1.724375000	
1.730750000
1.736687500
1.742937500
1.749000000
1.755250000
1.760875000
1.767187500
1.773437500
1.780312500
1.786562500
1.793187500	
1.799812500	
1.806375000	
1.812937500	
1.819687500	
1.826687500	
1.831812500
1.838312500
1.844562500
1.851937500
1.857250000
1.863062500
1.869500000
1.875687500
1.881937500
1.888500000
1.895625000	
1.903125000	
1.964437500
1.969875000
1.975750000
1.982000000
1.987812500
1.993937500
1.999812500
2.005562500
2.011625000
2.017562500
2.023562500
2.029562500
2.035812500
2.041312500
2.047437500
2.053812500
2.060062500
2.066187500
2.072562500
2.078875000
2.085312500
2.091750000
2.098312500
2.239937500
2.245250000
2.252312500
2.258312500
2.264437500
2.270562500
2.276687500
2.282812500
2.288875000
2.295062500
2.301125000
2.307312500
2.313375000
2.319437500
2.325500000
2.331625000
2.337750000
2.342812500
2.349375000
2.355250000
2.362250000
2.368500000
2.374062500
2.380812500
2.385750000
2.392750000
2.399500000
2.405000000
2.410812500
2.418250000
2.424687500
2.430937500
2.436125000
2.442562500
2.448875000
2.455250000
2.461687500
2.468250000
2.474500000
2.481062500
2.487312500
2.495125000
2.501562500
2.508000000
2.514562500
2.520937500
2.527312500
2.533750000
2.540437500
2.546625000
2.553187500
2.559750000
2.566125000
2.572562500	
2.579312500	
2.586312500	
