0.217500000
0.222562500
0.228312500
0.233250000
0.238875000
0.244562500
0.249500000
0.255250000
0.260625000
0.265187500
0.270812500
0.276000000
0.281187500
0.286500000
0.291812500
0.297062500
0.302250000
0.307125000
0.312625000
0.318000000
0.323312500
0.328937500
0.334187500
0.339500000
0.345000000
0.350437500
0.356062500
0.361250000
0.366500000
0.371812500
0.377187500
0.382562500
0.388062500
0.393500000
0.398937500
0.404500000
0.410062500
0.416375000
0.421000000
0.426250000
0.432312500
0.437625000
0.443125000
0.448625000
0.454125000
0.459562500
0.464937500
0.470250000
0.475437500
0.480437500
0.485500000
0.490625000
0.495750000
0.500875000
0.664000000
0.668437500
0.672562500
0.677625000
0.681687500
0.686875000
0.691500000
0.696000000
0.701812500
0.846750000
0.851375000
0.857000000
0.861687500
0.866500000
0.871625000
0.877062500
0.881937500
0.887125000
0.892125000
0.897375000
0.902562500
0.907750000
0.912500000
0.917562500
0.922875000
1.032187500
1.037687500
1.043875000
1.049250000
1.054750000
1.059437500
1.064812500
1.070375000
1.075937500
1.081625000
1.087250000
1.093000000
1.099000000
1.105000000
1.111125000
1.117000000
1.123125000
1.128812500
1.134625000
1.140562500
1.146375000
1.152500000
1.158250000
1.164437500
1.170687500
1.176687500
1.182937500
1.189000000
1.195187500
1.201250000
1.207687500
1.213437500
1.220062500
1.226062500
1.232000000
1.238062500
1.244500000
1.251062500
1.256875000
1.263250000
1.269562500
1.276062500
1.283437500
1.290000000
1.353250000
1.359562500
1.366250000
1.376312500
1.382937500	
1.388687500	
1.506125000
1.511687500
1.517250000
1.523187500
1.529187500
1.535000000
1.540562500
1.546625000
1.552687500
1.558875000
1.564750000
1.570687500
1.576750000
1.582625000
1.588875000
1.594500000
1.600500000	
1.603937500
1.607437500
1.613437500
1.619375000
1.625375000
1.630312500
1.636312500
1.642125000
1.648250000
1.654312500
1.660062500
1.666187500
1.672125000
1.678062500
1.684125000
1.690125000
1.695875000
1.701687500
1.708000000
1.714687500
1.720625000
1.726562500
1.732625000
1.738687500
1.743750000
1.750312500
1.756750000
1.840125000
1.847125000
1.853125000
1.859125000
1.865187500
1.871250000
1.877250000
1.883312500
1.889312500
1.895250000
1.901187500
1.907250000
1.913312500
1.919312500
1.925375000
1.931375000
1.937437500
1.943437500
1.949562500
1.955500000
1.961562500
1.967625000
1.973625000
1.979625000
1.985625000
1.991562500
1.997562500
2.003500000
2.009375000
2.015250000
2.021125000
2.027000000
2.032750000
2.038625000
2.044375000
2.050250000
2.056000000
2.061750000
2.067562500
2.073312500
2.078187500
2.083875000
2.089687500
2.095437500
2.102062500
2.106812500
2.112312500
2.118000000
2.123687500
2.129375000
2.135125000
2.140750000
2.146062500
2.151437500
2.156937500
2.162937500
2.168250000
2.173187500
2.178500000
2.183812500
2.189312500
2.195187500
2.398687500
2.403812500
2.409000000
2.414250000
2.419562500
2.424875000
2.430312500
2.435750000
2.441312500
2.446750000
2.452312500
2.458000000
2.463562500
2.469062500
2.474625000
2.480312500
2.486125000
2.622187500
2.627500000
2.632750000
2.638062500
2.643437500
2.648812500
2.654250000
2.659687500
2.665187500
2.670562500
2.676062500
2.681562500
2.687125000
2.692625000
2.698125000
2.703562500
2.709125000
2.714750000
2.720312500
2.725937500
2.731562500
2.737187500
2.742750000
2.749375000
2.755062500
2.759625000
2.766312500
2.771000000
2.776812500
2.782750000
2.788750000
2.794875000
2.801000000
2.807062500
2.813437500
2.819500000
2.825750000
2.832125000
2.837875000
2.843875000
2.849625000
2.856000000
2.861687500
2.867375000
2.873125000
2.878750000
2.884625000
2.890375000
2.896187500
2.902062500
2.908062500
2.914187500
2.920187500
2.926250000
2.932437500
2.938500000
2.944687500
2.950812500
2.956937500
2.963125000
2.969312500
2.975562500
2.981687500
2.987937500
2.994125000
3.000375000
3.006562500
3.012750000
3.019000000
3.025187500
3.030500000
3.036750000
3.043062500
3.049125000
3.055625000
3.061500000
3.068812500
3.075062500
3.081375000
3.087625000
3.093937500
3.100250000
3.106687500
3.113000000
3.119312500
3.125750000
3.132125000
3.138500000
3.144937500
3.151375000
3.157750000
3.164125000
3.170500000
3.176937500
3.183250000
3.189625000
3.195937500
3.202312500
3.208437500
3.214875000
3.221062500
3.227375000	
3.233437500	
3.239875000	
3.246312500	
3.253000000	
3.258687500	
