0.223125000
0.228750000
0.234250000
0.239562500
0.244875000
0.250250000
0.255625000
0.261062500
0.266500000
0.271937500
0.277187500
0.282812500
0.288000000
0.293375000
0.298937500
0.304312500
0.309687500
0.315125000
0.320812500
0.326062500
0.331812500
0.337250000
0.342562500
0.347937500
0.353312500
0.359062500
0.364375000
0.369875000
0.375250000
0.380875000
0.386187500
0.391625000
0.397062500
0.402437500
0.407812500
0.413125000
0.418437500
0.423812500
0.429062500
0.434437500
0.439812500
0.445187500
0.450437500
0.455687500
0.461000000
0.466312500
0.471625000
0.476875000
0.481812500
0.487062500
0.492625000
0.497500000
0.502812500
0.508125000
0.513250000
0.518312500
0.523312500
0.528375000
0.533375000
0.538250000
0.543187500
0.547875000
0.552437500
0.557312500
0.562687500
0.567500000
0.572625000
0.577562500
0.582687500
0.587937500
0.593375000
0.598750000
0.604250000
0.609812500
0.615625000
0.621437500
0.627375000
0.633312500
0.639437500
0.645437500
0.651375000
0.657250000
0.663062500
0.668812500
0.674562500
0.680250000
0.685750000
0.691687500
0.697062500
0.703062500
0.709187500
0.714937500
0.720687500
0.726500000
0.732187500
0.738125000
0.744000000
0.750062500
0.755875000
0.761875000
0.767750000
0.773625000
0.779750000
0.785562500
0.791562500
0.797312500
0.803187500
0.809000000
0.814937500
0.820812500
0.826812500
0.832687500
0.838562500
0.844500000
0.850312500
0.856187500
0.862062500
0.868062500
0.873875000
0.879750000
0.885750000
0.891750000
0.897500000
0.903625000
0.909625000
0.915687500
0.921812500
0.927625000
0.933687500
0.939875000
0.945562500
0.952062500
0.958437500
0.964625000
0.971187500
0.978125000
0.984875000
0.991812500
0.998312500	
1.005812500	
1.051687500
1.057625000
1.064125000
1.070187500
1.076875000
1.083187500
1.089687500
1.096062500
1.102187500
1.108687500
1.115312500
1.121750000
1.128187500
1.134500000
1.140750000
1.147625000
1.154312500
1.160875000
1.167187500
1.173687500
1.180312500
1.186750000
1.193312500
1.199437500
1.205812500
1.212250000
1.218687500
1.224750000
1.231437500
1.238562500	
1.245625000	
1.353375000
1.359250000
1.365187500
1.371500000
1.377875000
1.384250000
1.390437500
1.396625000
1.403000000	
1.410062500	
1.519062500	
1.525375000
1.531562500
1.539125000
1.544562500
1.551875000
1.558312500
1.565000000
1.572250000
1.578875000
1.585625000
1.592312500
1.598937500
1.605812500
1.612500000
1.619500000
1.626000000	
1.632812500	
1.814187500
1.820812500
1.827500000
1.834437500
1.841375000
1.848312500
1.855625000
1.862250000
1.868937500
1.876312500
1.883187500
1.890125000
1.897500000
1.904312500
1.912250000
1.919125000	
