0.235750000
0.240375000
0.245125000
0.250125000
0.254937500
0.259750000
0.264500000
0.269250000
0.274062500
0.278812500
0.283562500
0.288375000
0.293187500
0.298000000
0.302937500
0.307937500
0.313187500
0.318750000
0.324437500
0.330187500
0.336812500	
0.374437500
0.379375000
0.384250000
0.389250000
0.394312500
0.399437500
0.404750000
0.409875000
0.415062500
0.420375000
0.425812500
0.431187500
0.436500000
0.441812500
0.447250000
0.452687500
0.457812500
0.463562500
0.469000000
0.474500000
0.480375000
0.486187500
0.492437500
0.499187500
0.505375000
0.513375000	
0.527937500
0.535312500	
0.702687500
0.707562500
0.712500000
0.717375000
0.722250000
0.727125000
0.732000000
0.736875000
0.741687500
0.746562500
0.751375000
0.756187500
0.760937500
0.765750000
0.770562500
0.775375000
0.780125000
0.784937500
0.789750000
0.794562500
0.799250000
0.804125000
0.809000000
0.813812500
0.818625000
0.823562500
0.828437500
0.833312500
0.838375000
0.843500000
0.848687500
0.853937500
0.859312500
0.864687500
0.870250000
0.875687500
0.881250000
0.886875000
0.892500000
0.898000000
0.903250000
0.908312500
0.913312500
0.918375000
0.923375000
0.928437500
0.933562500
0.938687500
0.943687500
0.949062500
0.954125000
0.959437500
0.964500000
0.969812500
0.974937500
0.980062500
0.985000000
0.990000000
0.995062500
1.000312500
1.160875000
1.165562500
1.170437500
1.175250000
1.180125000
1.185187500
1.190375000
1.195687500
1.201062500
1.206500000
1.212062500
1.217500000
1.222937500
1.228312500
1.233625000
1.238750000
1.243750000
1.248687500
1.253562500
1.258437500
1.263375000
1.268187500
1.273125000
1.278062500
1.282937500
1.287875000
1.292812500
1.297687500
1.302625000
1.307562500
1.312437500
1.317375000
1.322250000
1.327187500
1.332187500
1.337187500
1.342312500
1.347500000
1.352875000
1.358375000
1.364937500	
1.370000000	
1.374250000
1.379312500
1.384437500
1.389375000
1.394250000
1.399062500
1.403875000
1.408625000
1.413375000
1.418187500
1.422937500
1.427687500
1.432437500
1.437187500
1.441937500
1.446687500
1.451375000
1.456125000
1.460812500
1.465500000
1.470250000
1.475062500
1.479937500
1.484937500
1.490000000
1.495500000
1.633125000
1.638500000
1.643937500
1.649500000
1.655125000
1.660750000
1.666500000
1.672250000
1.678062500
1.684000000
1.689812500
1.695562500
1.701375000
1.707125000
1.714375000
1.718812500
1.724625000
1.730500000
1.736312500
1.742250000
1.748125000
1.754000000
1.759812500
1.765687500
1.771500000
1.777375000
1.785437500
1.790187500	
1.796187500	
1.802250000	
2.106437500
2.112437500	
2.123625000	
2.129750000	
2.135375000	
2.141250000	
2.147125000	
2.152562500	
2.158000000	
2.163812500	
2.168812500
2.175437500	
2.181250000	
2.187375000	
2.193250000
2.197875000
2.203687500
2.209562500
2.215750000
2.221812500
2.228000000
2.234437500
2.241000000
2.247687500
2.254062500
2.259812500
2.265687500
2.271312500
2.277000000
2.288500000
2.294250000
2.299937500
2.305875000
2.312875000	
2.320125000	
2.406062500
2.411187500
2.416437500
2.422187500
2.429250000
2.434937500
2.440937500
2.446687500
2.452625000
2.458437500
2.462937500
2.470312500
2.476187500
2.480687500
2.486562500
2.492437500
2.499562500
2.505625000
2.511437500
2.517125000	
2.523250000
2.528500000	
2.534750000	
2.540687500	
2.545250000
2.552500000	
2.558375000	
2.565187500	
2.571375000	
2.679687500
2.685312500
2.690937500
2.696562500
2.702375000
2.708000000
2.713687500
2.721000000
2.726687500
2.732562500
2.737500000	
2.743625000	
2.750062500	
2.756125000	
2.762625000	
2.882187500
2.887937500
2.893937500
2.900000000
2.906125000
2.912250000
2.918437500
2.924562500
2.930750000
2.936937500
2.943062500
2.949312500
2.955437500
2.961687500
2.967937500
2.974187500
2.980562500
2.987187500
2.994750000	
3.000687500
3.008375000	
3.014250000
3.020937500
3.027250000
3.033562500
3.039937500
3.046312500
3.052562500
3.058937500
3.066750000
3.073125000
3.079312500
3.085250000
3.091750000
3.097937500
3.104500000
3.110750000
3.116937500
3.123187500
3.129312500	
3.135437500	
3.141562500	
3.147937500	
