0.21925
0.22287
0.22744
0.23231
0.23706
0.24169
0.24656
0.25125
0.25606
0.26088
0.2655
0.27019
0.275
0.27987
0.28431
0.28906
0.29356
0.29831
0.30281
0.3075
0.312
0.31644
0.32094
0.32525
0.32975
0.33413
0.33844
0.34269
0.34706
0.35106
0.35538
0.35975
0.36438
0.36906
0.37375
0.37844
0.38306
0.38788
0.39244
0.39694
0.40181
0.40637
0.41106
0.4155
0.42031
0.42512
0.42956
0.43462
0.43962
0.44419
0.4485
0.453
0.45837
0.46319
0.4685
0.524
0.52838
0.53394
0.5385
0.54344
0.54869
0.55369
0.56063
0.56556
0.57169
0.57625
0.58194
0.58837
0.59288
0.59844
0.60481
0.61038
0.61562
0.62113
0.62644
0.63181
0.63706
0.64281
0.64831
0.65369
0.65912
0.66494
0.67063
0.67663
0.682
0.73994
0.74487
0.75
0.75556
0.76163
0.76694
0.77194
0.77712
0.78294
0.78794
0.79269
0.79844
0.80388
0.80906
0.81431
0.81975
0.825
0.83044
0.83606
0.841
0.846
0.85131
0.85675
0.86206
0.86713
0.873
0.87756
0.883
0.888
0.89319
0.89831
0.90344
0.90863
0.91356
0.91869
0.92394
0.92875
0.93363
0.93869
0.9435
0.94856
0.95344
0.95856
0.96356
0.96831
0.974
0.97837
0.98331
0.98819
0.99338
0.9985
1.0036
1.0089
1.0142
1.0204
1.0257
1.0309
1.064
1.0692
1.0751
1.0808
1.0865
1.0918
1.0978
1.1028
1.1088
1.1147
1.1199
1.1258
1.1313
1.1379
1.1437
1.149
1.1543
1.1598
1.1651
1.1706
1.1759
1.1813
1.3441
1.3486
1.3539
1.3587
1.3636
1.3687
1.3738
1.3787
1.3836
1.3886
1.3938
1.399
1.4044
1.4098
1.4161
1.4216
1.4278
1.4337
1.4396
1.4449
1.4506
1.4559
1.4615
1.4671
1.4725
1.4783
1.4841
1.4899
1.4953
1.5014
1.507
1.5128
1.5187
1.5244
1.5301
1.5357
1.5415
1.5481
1.5539
1.5596
1.5655
1.5713
1.5773
1.5832
1.5884
1.5966
1.7689
1.7741
1.7795
1.7848
1.7905
1.7957
1.8018
1.8067
1.8119
1.8175
1.8224
1.8279
1.8334
1.8393
1.8439
1.8497
1.855
1.8602
1.8655
1.8706
1.8758
1.8804
1.886
1.8918
1.9881
1.9936
1.9994
2.0053
2.0118
2.0177
2.0248
2.0303
2.0382
2.0443
2.0651
2.0707
2.0762
2.0812
2.0869
2.0924
2.0981
2.1039
2.1099
2.1156
2.1214
2.1273
2.1331
2.1389
2.1446
2.1503
2.1563
2.1621
2.1681
2.1739
2.1796
2.1854
2.1914
2.1969
2.2028
2.2085
2.2142
2.2196
2.2254
2.2317
2.2374
2.243
2.248
2.2542
2.2599
2.2647
2.2706
2.2758
2.2811
2.2869
2.2923
2.2974
2.3032
2.3084
2.3138
2.3201
2.3247
2.33
2.3355
2.3409
2.3462
2.3515
2.3576
2.3623
2.3675
2.3726
2.3781
2.3834
2.3887
2.394
2.3993
2.4044
2.4099
2.4151
2.4213
2.4258
2.4314
2.4364
2.442
2.4472
2.4526
2.4581
2.464
2.4689
2.4742
2.4796
2.4856
2.4913
2.4962
2.5022
2.5078
2.5126
2.5188
2.5238
2.53
2.5347
2.5408
2.5458
2.5521
2.5568
2.5629
2.5678
2.5729
2.5793
2.5848
2.5894
2.595
2.6005
2.6066
2.6117
2.617
2.6227
2.6285
2.6339
2.6401
2.6458
2.6515
2.6572
2.6626
2.6684
2.6741
2.6797
2.6856
2.6913
2.6969
2.7026
2.7084
2.714
2.7197
2.7254
2.7313
2.737
2.7427
2.7485
2.7542
2.7601
2.766
2.7718
2.7778
2.7837
2.7893
2.7954
2.8014
2.8073
2.8131
2.8192
2.8251
2.8309
2.8368
2.8429
2.8485
2.8543
2.8598
2.8654
2.8712
2.8768
2.8821
2.8876
2.8939
