0.232187500
0.236937500
0.241562500
0.246250000
0.251000000
0.255687500
0.260375000
0.265125000
0.269687500
0.274375000
0.278875000
0.283437500
0.288062500
0.292687500
0.297375000
0.302000000
0.306750000
0.311500000
0.316187500
0.321000000
0.325750000
0.330500000
0.335312500
0.340062500
0.344812500
0.349625000
0.354125000
0.358937500
0.363625000
0.368250000
0.372687500
0.377375000
0.382062500
0.386875000
0.391750000
0.396562500
0.401500000
0.406312500
0.411375000
0.416312500
0.421375000
0.426250000
0.431312500
0.436250000
0.441250000
0.446375000
0.451375000
0.456500000
0.461625000
0.466812500
0.472000000
0.477187500
0.482375000
0.487437500
0.492375000
0.497437500
0.502375000
0.507312500
0.512312500
0.517312500
0.522312500
0.527375000
0.532562500
0.537750000
0.543062500
0.548625000
0.554250000
0.560375000
0.566062500
0.572187500
0.578687500
0.585312500
0.591562500
0.597750000
0.626937500
0.631937500
0.637687500
0.643250000
0.648437500
0.653937500
0.659375000
0.664812500
0.670250000
0.675687500
0.681062500
0.686375000
0.691687500
0.697000000
0.702187500
0.707562500
0.712500000
0.718000000
0.723062500
0.728187500
0.733500000
0.739250000
0.744812500
0.750250000
0.755812500
0.761375000
0.766812500
0.772562500
0.777937500
0.783625000
0.789375000
0.795125000
0.800937500
0.937000000
0.942562500
0.947437500
0.952687500
0.957562500
0.962875000
0.968187500
0.973437500
0.978875000
0.984375000
0.989750000
0.995125000
1.000562500
1.005937500
1.011562500
1.017000000
1.022187500
1.027687500
1.033062500
1.038750000
1.044562500
1.050937500
1.056250000	
1.062000000	
1.107000000
1.111750000
1.117125000
1.122312500
1.128187500
1.133312500
1.138687500
1.144375000
1.149875000
1.154875000
1.160750000
1.166312500
1.171312500
1.176937500
1.182687500
1.188312500
1.194250000
1.200000000
1.205562500
1.211312500
1.217062500
1.222812500
1.228750000
1.234562500
1.240125000
1.246187500
1.252187500
1.258062500
1.263687500
1.268875000
1.275187500
1.280625000
1.286437500
1.291937500
1.297937500
1.303375000
1.309125000
1.315062500
1.321062500
1.327062500
1.333687500	
1.340187500	
1.346687500	
1.364375000	
1.370250000
1.375437500
1.381375000
1.387000000
1.392250000
1.397750000
1.403625000
1.408687500
1.414187500
1.419437500
1.424562500
1.430062500
1.435187500
1.440250000
1.445562500
1.451062500
1.456375000
1.461875000
1.466937500
1.472500000
1.478187500
1.484000000
1.489562500
1.495250000
1.500937500
1.506812500
1.512000000
1.517875000
1.523750000
1.529937500
1.536062500
1.542312500
1.548625000
1.555187500
1.561562500
1.568375000
1.575000000
1.581750000
1.587625000
1.594000000
1.600437500
1.610562500
1.622687500	
1.694312500
1.700437500
1.706875000	
1.712187500
1.719187500
1.725125000
1.731437500
1.737500000
1.744000000
1.750125000
1.756187500
1.762375000
1.768812500
1.775437500
1.781937500
1.789000000
1.795500000	
1.802375000	
1.809125000
1.815812500
1.822375000
1.828937500
1.835187500
1.841312500
1.847187500
1.853625000
1.859687500
1.865937500
1.872250000
1.878437500
1.884750000
1.891250000
1.897375000
1.903687500
1.910437500
1.916750000
1.923500000
1.930000000
1.936750000
1.943375000
1.950000000
1.956625000
1.963125000
1.969437500
1.975625000
1.981750000
1.987687500
1.993625000
1.999500000
2.005375000
2.011500000
2.017437500
2.023312500
2.029125000
2.035062500
2.040750000
2.046625000
2.052437500
2.058312500
2.064062500
2.070000000
2.075937500
2.081687500
2.087812500
2.093875000
2.099812500
2.105812500
2.111937500
2.118125000
2.124437500
2.130812500
2.137062500
2.143312500
2.149937500
2.156625000
2.163125000
2.169750000
2.175812500
2.182375000
2.188812500
2.195250000
2.201750000
2.208062500
2.214625000
2.221875000
2.228312500
2.234687500
2.241312500
2.247750000
2.254062500
2.260500000
2.266937500
2.273250000
2.279687500	
2.286187500	
