0.226937500	
0.231437500
0.236812500
0.241875000	
0.247250000
0.252562500
0.257750000
0.262875000
0.268062500
0.273375000
0.278625000
0.283875000
0.289250000
0.294500000
0.299750000
0.305187500
0.310500000
0.315937500
0.321250000
0.326687500
0.332062500
0.337562500
0.342937500
0.348312500
0.353812500
0.359187500
0.364500000
0.369812500
0.375125000
0.379125000
0.385500000
0.390750000	
0.568437500
0.573250000
0.578437500
0.583562500
0.588750000
0.593937500
0.599187500
0.604562500
0.609750000
0.615062500
0.620437500
0.625812500
0.631750000
0.637062500
0.643375000
0.743562500
0.749062500
0.754312500
0.759437500
0.764562500
0.769812500
0.774875000
0.780000000
0.784937500
0.790000000
0.794875000
0.800375000
0.804562500
0.810812500
0.815937500
0.821250000
0.825375000
0.830875000
0.837000000
0.842125000
0.847937500
0.854625000
0.862187500	
0.918125000
0.923687500
0.928687500
0.934000000
0.938750000
0.943687500
0.948500000
0.953312500
0.958250000
0.963125000
0.968000000
0.972937500
0.977812500
0.982687500
0.987625000
0.992500000
0.997437500
1.002312500
1.007187500
1.012125000
1.017000000
1.022000000
1.027125000
1.032437500
1.037687500
1.042937500
1.048125000
1.053187500
1.058312500
1.063375000
1.068562500
1.073625000
1.078750000
1.083875000
1.086250000	1.1
1.089062500
1.094125000
1.099437500
1.104562500
1.109687500
1.115125000
1.120437500
1.125937500
1.131437500
1.136750000
1.142062500
1.147625000
1.153187500
1.158750000	
1.164312500	
1.169812500	
1.175625000	
1.180937500	
1.186625000	
1.192437500	
1.198000000	
1.203562500	
1.209437500	
1.215062500	
1.220750000	
1.226437500	
1.232437500	
1.237937500
1.243562500
1.249500000	
1.255125000	
1.260812500
1.266375000	
1.272125000	
1.278750000
1.283250000
1.290187500
1.295750000
1.300437500	
1.306250000	
1.311937500	
1.317250000	
1.554250000	
1.560250000
1.566437500	
1.572000000	
1.577562500	
1.582937500	
1.588437500	
1.593875000	
1.599312500	
1.603687500
1.609250000
1.615000000	
1.621875000
1.627500000	
1.633062500
1.638812500
1.644562500
1.650125000
1.655875000
1.661437500
1.666875000	
1.673062500
1.678250000
1.684562500
1.690000000	
1.696125000
1.702000000	
1.707875000	
1.713750000
1.719062500	
1.725000000
1.731375000
1.736625000	
1.742812500	
1.748625000	
1.754125000
1.760062500
1.765937500
1.771500000
1.777437500
1.783187500
1.789125000
1.795000000
1.800812500	
1.806687500	
1.812500000	
1.818750000	
1.825125000	
1.831250000
1.837312500
1.843375000
1.849375000
1.855187500
1.861125000
1.867000000
1.872937500
1.878812500
1.884750000
1.890687500
1.896687500
1.902687500
1.908375000
1.914375000
1.920500000
1.926812500
1.932812500
1.939000000
1.945062500
1.950562500
1.956937500
1.963250000
1.969500000
1.976062500
1.982375000
1.989000000
1.995562500
2.002437500
2.008000000
2.013187500	
