0.25094
0.25512
0.25975
0.26413
0.26894
0.27363
0.27813
0.2825
0.287
0.29156
0.29625
0.30075
0.30519
0.30975
0.31425
0.31881
0.32331
0.3275
0.33219
0.33637
0.34113
0.34556
0.35
0.35438
0.35875
0.36331
0.36794
0.37269
0.47225
0.47613
0.48006
0.4845
0.48838
0.49219
0.49656
0.50094
0.50525
0.50987
0.51444
0.51919
0.5235
0.54512
0.54937
0.55363
0.55763
0.562
0.566
0.57044
0.57506
0.5795
0.58362
0.58781
0.59269
0.59713
0.60156
0.606
0.61044
0.61481
0.6195
0.62387
0.62869
0.63319
0.63794
0.64269
0.64738
0.65181
0.65669
0.66119
0.66619
0.67094
0.67556
0.68044
0.68494
0.68944
0.69425
0.69906
0.70344
0.70806
0.71288
0.71788
0.72262
0.93863
0.94381
0.94844
0.95337
0.95806
0.96294
0.96825
0.97306
0.9775
0.98281
0.98819
0.99344
0.99831
1.0034
1.0088
1.0136
1.0186
1.0239
1.029
1.034
1.0391
1.0443
1.049
1.0544
1.0594
1.0646
1.0694
1.0746
1.0797
1.0845
1.0894
1.0947
1.0998
1.1048
1.1095
1.1148
1.1197
1.1243
1.1294
1.1341
1.2004
1.2056
1.2108
1.2163
1.2216
1.2266
1.2317
1.2369
1.2416
1.2467
1.252
1.2568
1.2628
1.2689
1.2739
1.4238
1.4289
1.4341
1.4394
1.4446
1.4499
1.4551
1.4605
1.466
1.4718
1.4776
1.4836
1.4894
1.4954
1.5014
1.5074
1.5136
1.5189
1.5249
1.5304
1.5354
1.5409
1.5461
1.5517
1.557
1.5624
1.5677
1.5732
1.5786
1.5838
1.5894
1.5948
1.6002
1.6057
1.6109
1.6164
1.7518
1.7571
1.7624
1.7674
1.7727
1.778
1.7833
1.7884
1.7937
1.799
1.8044
1.8098
1.8151
1.8207
1.8261
1.8315
1.8369
1.8426
1.8478
1.8533
1.8587
1.8643
1.8699
1.8752
1.8806
1.8861
1.8918
1.8974
1.9028
1.9084
1.9141
1.92
1.9256
1.9315
1.9378
1.9446
1.9506
1.9564
1.9623
1.9954
2.0009
2.0062
2.012
2.0173
2.0229
2.0283
2.0341
2.218
2.2232
2.2289
2.2343
2.2401
2.2455
2.2513
2.2568
2.2628
2.2684
2.274
2.28
2.2856
2.2911
2.2971
2.3029
2.3087
2.3145
2.3204
2.3266
2.333
2.3395
2.3462
2.3519
2.3601
