0.22425
0.22875
0.23419
0.239
0.24344
0.24769
0.2525
0.257
0.26194
0.2665
0.27094
0.27606
0.28069
0.28525
0.28994
0.29475
0.29931
0.30394
0.30838
0.313
0.3175
0.32188
0.32638
0.33075
0.33513
0.3395
0.34369
0.348
0.35231
0.35663
0.36062
0.36494
0.36919
0.37356
0.37794
0.382
0.38613
0.39038
0.39463
0.3985
0.40294
0.40719
0.41137
0.41569
0.41988
0.42388
0.42819
0.43256
0.43694
0.44144
0.44581
0.45031
0.45475
0.45931
0.46387
0.4685
0.473
0.47781
0.4825
0.48819
0.492
0.49694
0.50244
0.50662
0.51244
0.51675
0.52175
0.52687
0.53187
0.53694
0.54225
0.54737
0.55237
0.55769
0.56288
0.56825
0.57356
0.57881
0.58381
0.58913
0.59456
0.59975
0.60481
0.61006
0.61544
0.62081
0.62562
0.63119
0.63644
0.64163
0.64694
0.65206
0.65725
0.66256
0.66769
0.67288
0.67806
0.68331
0.68856
0.69388
0.69888
0.70406
0.70944
0.71481
0.72037
0.72569
0.73106
0.7365
0.742
0.74744
0.75306
0.75838
0.76406
0.76956
0.77506
0.78069
0.78625
0.79156
0.79719
0.80281
0.80831
0.81406
0.81956
0.82488
0.8305
0.83637
0.8415
0.84706
0.85288
0.85794
0.86387
0.86931
0.87462
0.87987
0.88569
0.89081
0.89619
0.90175
0.90744
0.91275
0.919
0.92481
0.93094
0.93869
0.94394
0.96544
0.97119
0.97631
0.98175
0.98738
0.99294
0.99844
1.0039
1.0094
1.0149
1.0203
1.026
1.0316
1.0371
1.0428
1.0481
1.0538
1.0594
1.0647
1.0704
1.0759
1.0818
1.0874
1.093
1.0986
1.1045
1.1095
1.115
1.1213
1.1267
1.1316
1.1378
1.1433
1.1487
1.1539
1.1595
1.1643
1.1697
1.1752
1.1806
1.1863
1.1933
1.3487
1.3535
1.3588
1.3634
1.3688
1.3746
1.3813
1.3871
1.3928
1.458
1.4632
1.4685
1.4736
1.4786
1.484
1.4891
1.4941
1.4993
1.5055
1.5107
1.5157
1.5206
1.5262
1.531
1.5359
1.5418
1.547
1.5522
1.5564
1.5615
1.5668
1.572
1.5771
1.5824
1.5886
1.5941
1.5982
1.6038
1.609
1.6149
1.6207
1.6263
1.6327
1.6379
1.6439
1.6495
1.6553
1.6609
1.6674
1.6731
1.6777
1.6841
1.69
1.6938
1.7008
1.7051
1.7122
1.8949
1.9006
1.9064
1.9119
1.9177
1.9237
1.9294
1.9352
1.9412
1.947
1.9529
1.9586
1.9645
1.9704
1.9763
1.9826
1.9884
1.9949
2.0008
2.0068
2.0122
2.0181
2.0245
2.0305
2.0366
2.0424
2.0483
2.0543
2.0601
2.066
2.0718
2.0776
2.0831
2.0894
2.0945
2.1002
2.1051
2.1108
2.1166
2.1221
2.1283
2.1341
2.1396
2.1452
