0.222687500
0.227750000
0.232937500
0.238875000
0.244312500
0.249750000
0.255187500
0.260625000
0.266437500
0.272250000
0.278187500
0.284125000
0.290187500
0.296000000
0.301812500
0.307437500
0.313000000
0.318437500
0.323875000
0.329375000
0.334750000
0.340125000
0.345562500
0.350937500
0.356312500
0.361687500
0.367125000
0.372625000
0.378125000
0.383687500
0.389437500
0.395250000
0.401187500
0.407125000
0.414500000	
0.456062500
0.461937500
0.467625000
0.473437500
0.479125000
0.484750000
0.490250000
0.495812500
0.501187500
0.506750000
0.512375000
0.517687500
0.523375000
0.528812500
0.534187500
0.540187500
0.545625000
0.550812500
0.556500000
0.562125000
0.567875000
0.573312500
0.579000000
0.584500000
0.590125000
0.595875000
0.601500000
0.607187500
0.612875000
0.618625000
0.624312500
0.630062500
0.635750000
0.641500000
0.647187500
0.652875000
0.658562500
0.664250000
0.669875000
0.675500000
0.681187500
0.686750000
0.692375000
0.697875000
0.703500000
0.708937500
0.714500000
0.720125000
0.725625000
0.731312500
0.737062500
0.742937500
0.748562500
0.754437500
0.760187500
0.765937500
0.771625000
0.777250000
0.782687500
0.788125000
0.793500000
0.798937500
0.804375000
0.809750000
0.815062500
0.820562500
0.825875000
0.831375000
0.836625000
0.842125000
0.847437500
0.852875000
0.858250000
0.863562500
0.869000000
0.874437500
0.879750000
0.885187500
0.890500000
0.895875000
0.901250000
0.906687500
0.912062500
0.917562500
0.923062500
0.928687500
0.934500000
0.940250000
0.946125000
0.952062500
0.958000000
0.964000000
0.970000000
0.976062500
0.982000000
0.987875000
0.993625000
0.999437500
1.005125000
1.010750000
1.016375000
1.021812500
1.027500000
1.033125000
1.038750000
1.045437500	
1.184750000
1.190250000
1.195812500
1.201625000
1.207312500
1.213250000
1.219125000
1.224812500
1.230625000
1.236625000
1.242375000
1.248062500
1.254000000
1.259812500
1.265625000
1.271437500
1.277500000
1.283687500
1.334375000
1.339937500
1.345562500
1.351437500
1.357312500
1.363250000
1.369062500
1.374875000
1.380687500
1.386500000
1.392250000
1.397937500
1.403937500
1.409625000
1.415875000
1.421312500
1.545062500
1.550375000
1.555812500
1.561437500
1.567000000
1.572687500
1.578562500
1.584500000
1.704937500
1.710125000
1.715625000
1.721062500
1.726687500
1.732312500
1.738062500
1.743812500
1.749562500
1.755437500
1.761312500
1.767125000
1.773000000
1.778875000
1.784812500
1.790625000
1.796562500
1.802562500
1.808500000
1.814375000
1.820250000
1.826312500
1.832312500
1.838312500
1.844312500
1.850375000
1.856562500
1.862812500
1.869187500
1.875562500
1.881937500
1.888187500
1.894437500
1.900625000
1.906750000
1.912875000
1.919000000
1.925125000
1.931062500
1.937062500
1.943062500
1.949437500
1.955312500
1.961687500
1.967687500
1.975000000
2.074500000
2.080750000
2.086937500
2.093437500
2.099812500
2.106125000
2.112562500
2.118937500
2.125437500
2.131687500
2.137812500
2.144312500
2.150875000
2.157250000
2.163687500
2.170187500
2.176750000
2.183062500
2.189500000
2.196125000
2.202625000
2.209375000
2.216000000
2.223625000	
2.230937500	
