0.238563
0.242875
0.248438
0.253125
0.258062
0.262937
0.267875
0.272688
0.277687
0.282625
0.287750
0.292812
0.297875
0.302938
0.307937
0.313000
0.317937
0.322875
0.327750
0.332625
0.337500
0.342500
0.347375
0.352312
0.357250
0.362125
0.367063
0.372063
0.377063
0.382063
0.387062
0.392188
0.397313
0.402562
0.407813
0.413187
0.418750
0.424250
0.458188
0.463438
0.468562
0.473500
0.478500
0.483438
0.488312
0.493250
0.498188
0.503188
0.508312
0.513750
0.519312
0.525000
0.530937
0.536750
0.608625
0.613938
0.619250
0.624563
0.629813
0.635312
0.640500
0.645687
0.651062
0.656188
0.661563
0.666750
0.671937
0.677125
0.682375
0.687438
0.692562
0.697625
0.702750
0.708125
0.713562
0.718938
0.724375
0.730000
0.735563
0.740938
0.863563
0.868250
0.873125
0.878000
0.882938
0.887875
0.892938
0.898000
0.903188
0.908438
0.913625
0.918875
0.924188
0.929438
0.934750
0.939937
0.945375
0.950562
0.955812
0.960938
0.966063
0.971313
0.976313
0.981437
0.986625
0.991938
1.073250
1.078375
1.083563
1.088813
1.094125
1.099500
1.104937
1.110313
1.115750
1.121312
1.126875
1.132500
1.138313
1.144250
1.150438
1.156375
1.162688
1.168813
1.176000
1.182000
1.188063
1.194000
1.199938
1.206063
1.211625
1.217937
1.223875
1.230000
1.235125
1.241250
1.247313
1.253313
1.259313
1.265375
1.272812
1.278812
1.284750
1.290500
1.296500
1.512250
1.522688
1.534688
1.539500
1.545000
1.550625
1.556375
1.562000
1.567625
1.573250
1.578938
1.584563
1.590188
1.595875
1.601500
1.607063
1.612750
1.618438
1.624125
1.629813
1.635563
1.641313
1.647188
1.653000
1.658875
1.664813
1.670750
1.676750
1.682625
1.688375
1.694188
1.699938
1.705625
1.711500
1.717125
1.722938
1.728625
1.734312
1.739937
1.745625
1.751313
1.756938
1.762563
1.768250
1.773875
1.779438
1.784938
1.790437
1.795938
1.801313
1.806875
1.812563
1.818188
1.937000
1.942375
1.947812
1.953375
1.959000
1.964563
1.970188
1.975813
1.981438
1.987188
1.992938
1.999438
2.004250
2.009875
2.015500
2.021250
2.026875
2.032500
2.038187
2.043813
2.049437
2.056000
2.060687
2.066250
2.071813
2.077375
2.082937
2.088437
2.093938
2.099375
2.104875
2.110250
2.115625
2.121000
2.126438
2.131875
2.137500
2.143187
2.149062
2.155063
2.161062
2.167063
2.173062
2.179000
2.184938
2.190688
2.196375
2.202625
2.208250
2.213875
2.219500
2.225125
2.230875
2.235562
2.242375
2.247187
2.253000
2.258875
2.264750
2.270500
2.276500
2.282437
2.288375
2.294313
2.301563
2.307625
2.313687
2.319875
2.325750
2.332125
2.338250
2.344375
2.350625
2.357063
2.363188
2.369562
2.375875
2.382375
2.388562
2.394750
2.400875
2.407437
2.413562
2.419938
2.426063
2.432563
2.438687
2.444938
2.451125
2.457438
2.463687
2.469875
2.476125
2.482375
2.488250
2.494750
2.501125
2.507063
2.513875
