0.234750000
0.240562500
0.246375000
0.252062500
0.257812500
0.263312500
0.268812500
0.274187500
0.279375000
0.284687500
0.289937500
0.295125000
0.300312500
0.305437500
0.310562500
0.315750000
0.320812500
0.325937500
0.330937500
0.335937500
0.340937500
0.345937500
0.350875000
0.355750000
0.360625000
0.365687500
0.371125000
0.524312500
0.528812500
0.533375000
0.537937500
0.542500000
0.547062500
0.551625000
0.556250000
0.560812500
0.565375000
0.570062500
0.574687500
0.579437500
0.584187500
0.589125000
0.594187500
0.599375000
0.604500000
0.609812500
0.615250000
0.620687500
0.626062500
0.631437500
0.636937500
0.642437500
0.648187500
0.654625000	
0.660437500	
0.666062500	
0.671000000
0.676562500
0.682125000
0.687500000
0.692812500
0.698062500
0.703437500
0.708812500
0.714187500
0.719625000
0.725125000
0.730750000
0.736437500
0.742062500
0.747750000
0.753562500
0.759250000
0.764875000
0.770562500
0.776250000
0.781875000
0.787562500
0.793187500
0.798812500
0.804437500
0.810000000
0.815562500
0.821187500
0.826750000
0.832375000
0.838000000
0.843687500
0.849250000
0.854812500
0.860562500
0.866125000
0.871812500
0.877500000
0.883250000
0.889062500
0.894750000
0.900437500
0.906125000
0.911812500
0.917625000
0.923312500
0.929062500
0.934750000
0.940437500
0.946187500
0.951875000
0.957625000
0.963375000
0.969062500
0.974750000
0.981500000
0.987250000
0.993000000
0.998750000
1.004500000
1.010375000
1.015000000
1.022750000	
1.260250000
1.266062500
1.271812500
1.277437500
1.283062500
1.288875000
1.294750000
1.300562500
1.306500000
1.312437500
1.318312500
1.324375000
1.330375000
1.336375000
1.342375000
1.348437500
1.354500000
1.360562500
1.366625000
1.372562500
1.378562500
1.384500000
1.390375000
1.396187500
1.402187500
1.408062500
1.414000000
1.419937500
1.425875000
1.431750000
1.437750000
1.445437500	
1.452000000	
1.495000000
1.500437500
1.506562500
1.512625000
1.518500000	
1.524562500
1.530187500
1.536000000
1.542187500
1.548000000
1.554187500
1.559937500
1.566187500
1.572312500
1.577875000
1.583937500
1.590062500
1.596062500
1.602062500
1.608125000
1.614312500
1.620437500
1.626562500
1.632750000
1.638812500
1.644937500
1.651000000
1.658250000
1.664375000
1.670562500
1.676875000	
1.813812500
1.819375000
1.825187500
1.831500000
1.838187500
1.844125000
1.850062500
1.854625000
1.860437500
1.866437500
1.872500000
1.878562500
1.885062500
1.891125000
1.896687500
1.903437500
1.910375000
1.915875000
1.921812500
1.928125000
1.934687500
1.940875000
1.947812500
1.953187500	
1.959812500
1.966000000
1.972437500
1.979875000
1.986375000
1.992750000
1.999125000
2.005625000
2.012187500
2.018687500
2.025062500
2.031625000
2.038062500
2.044500000
2.050937500
2.057500000
2.063937500
2.070437500
2.077000000
2.083562500
2.121875000
