0.223687500
0.229250000
0.234312500
0.239750000
0.244937500
0.250250000
0.255500000
0.260750000
0.266125000
0.271312500
0.276625000
0.281937500
0.287312500
0.292687500
0.298125000
0.303500000
0.308875000
0.314250000
0.319500000
0.324812500
0.330250000
0.335750000
0.341312500
0.346812500
0.352500000
0.358125000
0.363812500
0.369500000
0.375125000
0.380687500
0.386187500
0.391750000
0.397312500
0.402750000
0.408375000
0.413937500
0.419562500
0.425187500
0.430875000
0.436625000
0.442375000
0.448250000
0.454187500
0.459937500
0.466812500
0.473500000
0.480062500
0.487000000
0.496000000	
0.509312500	
0.523500000	
0.564187500
0.569625000
0.576125000
0.581625000
0.587437500
0.593187500
0.598812500
0.604625000
0.610437500
0.616187500
0.621937500
0.627625000
0.633437500
0.639125000
0.644875000
0.650500000
0.656062500
0.661687500
0.667312500
0.672937500
0.678500000
0.684062500
0.689625000
0.695187500
0.700625000
0.706125000
0.711625000
0.717125000
0.722625000
0.728000000
0.733500000
0.738937500
0.744250000
0.749625000
0.755000000
0.760437500
0.765812500
0.771125000
0.776500000
0.781812500
0.787250000
0.792687500
0.798250000
0.803875000
0.809562500
0.815437500
0.821562500
0.828562500	
0.979937500
0.985187500
0.990500000
0.995875000
1.001250000
1.006625000
1.012000000
1.017375000
1.022812500
1.028125000
1.033500000
1.038875000
1.044250000
1.049687500
1.055062500
1.060437500
1.065875000
1.071250000
1.076625000
1.082000000
1.087375000
1.092812500
1.098125000
1.103437500
1.108750000
1.114125000
1.119437500
1.124750000
1.130062500
1.135375000
1.140687500
1.145937500
1.151312500
1.156562500
1.161812500
1.167062500
1.172375000
1.177687500
1.182937500
1.188187500
1.193437500
1.198812500
1.204062500
1.209250000
1.214625000
1.219875000
1.225125000
1.230375000
1.235687500
1.241000000
1.246312500
1.251625000
1.256812500
1.262187500
1.267437500
1.272687500
1.277937500
1.283187500
1.288375000
1.293562500
1.298750000
1.303937500
1.309125000
1.314375000
1.319562500
1.324812500
1.330062500
1.335375000
1.340750000
1.346000000
1.351250000
1.356625000
1.361750000
1.367125000
1.372250000
1.377625000
1.383062500
1.388500000
1.654812500
1.660375000
1.665812500
1.671312500
1.676875000
1.682500000
1.688125000
1.693812500
1.699562500
1.705250000
1.711000000
1.716687500
1.722375000
1.728000000
1.733750000
1.739437500
1.745187500
1.750875000
1.756562500
1.762250000
1.768000000
1.773687500
1.779375000
1.784937500
1.790562500
1.796125000
1.801625000
1.807312500
1.812750000
1.818312500
1.823875000
1.829562500
1.835000000
1.840687500
1.846625000
1.852500000
1.858500000
1.864562500
1.870687500
1.876625000
1.882875000
1.888875000
1.895062500
1.901937500	
1.908500000	
1.982125000
1.987625000
1.993062500
1.998562500
2.004125000
2.009687500
2.015187500
2.020812500
2.026437500
2.031875000
2.037625000
2.043187500
2.048875000
2.054562500
2.060187500
2.065937500
2.071625000
2.077312500
2.083125000
2.088875000
2.094687500
2.100375000
2.106187500
2.111937500
2.117812500
2.123625000
2.129437500
2.135187500
2.141062500
2.146812500
2.152562500
2.158375000
2.164187500
2.170062500
2.175875000
2.181687500
2.187375000
2.193312500
2.199062500
2.204812500
2.210687500
2.216500000
2.222312500
2.228000000
2.233812500
2.239500000
2.245312500
2.251000000
2.256812500
2.262562500
2.268250000
2.274000000
2.279625000
2.285375000
2.291125000
2.296875000
2.302750000
2.308375000
2.314250000
2.319750000
2.325562500
2.331375000
2.337000000
2.342500000
2.348187500
2.354875000	
2.361062500	
2.477437500
2.483187500
2.488875000
2.494500000
2.500187500
2.505875000
2.511500000
2.517312500
2.523000000
2.528812500
2.534625000
2.540312500
2.546125000
2.551937500
2.557750000
2.563562500
2.569250000
2.575000000
2.580625000
2.586187500
2.591812500
2.597250000
2.603000000
2.608937500
2.616312500	
2.712687500
2.717875000
2.723187500
2.728437500
2.733625000
2.738875000
2.744187500
2.749500000
2.754875000
2.760250000
2.765500000
2.770875000
2.776125000
2.781500000
2.786812500
2.792125000
2.797500000
2.802750000
2.808187500
2.813625000
2.819562500
2.895500000
2.901187500
2.906687500
2.912375000
2.917937500
2.923500000
2.929125000
2.934812500
2.940437500
2.946062500
2.951750000
2.957375000
2.963187500
2.969187500
2.975375000
2.981562500
2.988000000
2.994625000
3.000937500
3.008875000	
3.056125000
3.062187500
3.068187500
3.074125000
3.080187500
3.086312500
3.092312500
3.098375000
3.104500000
3.110562500
3.116812500
3.123000000
3.129187500
3.135375000
3.141687500
3.147875000
3.154000000
3.161000000
3.166250000
3.173500000
3.179812500
3.186250000
3.192562500
3.198812500
3.205062500
3.211312500
3.217687500
3.224000000
3.230375000
3.236687500
3.243062500
3.249312500
3.255750000
3.261875000
3.268187500
3.274500000
3.280812500
3.287125000
3.292375000
3.298625000
3.304937500
3.311062500
3.318375000
3.324625000
3.330625000	
3.336875000	
3.343062500	
3.349187500	
3.355562500	
3.361937500	
3.368625000	
