0.310875000	
0.318312500	
0.326250000	
0.334125000	
0.342437500	
0.445437500	
0.452312500	
0.459062500	
0.466125000	
0.473000000	
0.480062500	
0.487250000	
0.495000000	
0.503125000	
0.511625000	
0.610312500	
0.618000000	
0.626250000	
0.634062500	
0.642125000	
0.650062500	
0.658312500	
0.666250000	
0.674125000	
0.682562500	
0.690937500	
0.698875000	
0.707375000	
0.715562500	
0.723875000	
0.732000000	
0.740375000	
0.748437500	
0.757125000	
0.765000000	
0.774125000	
0.783187500	
0.791750000	
0.801062500	
0.810187500	
0.820000000	
0.829000000	
0.837562500	
0.846812500	
0.856187500	
0.865000000	
0.874312500	
0.883875000	
0.893250000	
0.903000000	
0.912500000	
0.922250000	
0.932000000	
0.942125000	
0.950937500	
0.962187500	
1.203187500	
1.212812500	
1.221750000	
1.231187500	
1.240312500	
1.249500000	
1.258562500	
1.267687500	
1.276812500	
1.285625000	
1.294562500	
1.303062500	
1.312062500	
1.321500000	
1.329937500	
1.338562500	
1.347687500	
1.356875000	
1.366000000	
1.375562500	
1.385187500	
1.395125000	
1.405062500	
1.414812500	
1.423937500	
1.433687500	
1.443125000	
1.452625000	
1.461875000	
1.471437500	
1.480500000	
1.490125000	
1.500062500	
1.509812500	
1.520062500	
1.589937500	
1.727562500	
1.737312500	
1.747437500	
1.756875000	
1.767250000	
1.778312500	
1.788125000	
1.799125000	
