0.299437500
0.307000000
0.314562500
0.322187500
0.329812500
0.337500000
0.345187500
0.353375000
0.361312500
0.369250000
0.377187500
0.385187500
0.393250000
0.401375000
0.409562500
0.418187500
0.427687500
0.437187500
0.446687500
0.455875000
0.464937500
0.473875000
0.482812500
0.491750000
0.500687500
0.509937500
0.519062500
0.528187500
0.537125000
0.545937500
0.554687500
0.563312500
0.572062500
0.580625000
0.589250000
0.598062500
0.606875000
0.615750000
0.624687500
0.791500000
0.800187500
0.808562500
0.816812500
0.825062500
0.832937500
0.840562500
0.848125000
0.855812500
0.863437500
0.870437500
0.877687500
0.998812500
1.005750000
1.012625000
1.019562500
1.026500000
1.033500000
1.040687500
1.047812500
1.055125000
1.062187500
1.070062500
1.077937500
1.085812500
1.093875000
1.225875000
1.234000000
1.241312500
1.250000000
1.258312500
1.266750000
1.275812500
1.287062500
1.323562500
1.332312500
1.340875000
1.349687500
1.358562500
1.367437500
1.376812500
1.386250000
1.395812500
1.405687500
1.415312500
1.424875000
1.433750000
1.442875000
1.452062500
1.460937500
1.469812500
1.478750000
1.487687500
1.496937500
1.506312500
1.515750000
1.525375000
1.534937500
1.544812500
1.554625000
1.564500000
1.574625000
1.584875000
1.595187500
1.605562500
1.616062500
1.626187500
1.636500000
1.655812500
1.665812500
1.687062500
