0.304625000
0.311625000
0.319000000
0.326437500
0.333875000
0.341312500
0.348687500
0.356125000
0.363562500
0.371062500
0.378562500
0.386125000
0.389437500
0.394750000
0.404125000
0.506375000
0.514812500
0.523000000
0.531562500
0.540250000
0.549687500
0.559687500
0.682375000
0.690562500
0.698937500
0.707062500
0.715250000
0.723312500
0.731312500
0.738125000
0.746250000
0.754187500
0.762250000
0.770500000
0.779187500
0.787750000
0.796375000
0.805125000
0.813937500
0.822687500
0.831375000
0.840312500
0.849187500
0.858062500
0.867000000
0.875875000
0.884812500
0.893687500
0.902562500
0.911437500
0.920250000
0.929312500
0.938062500
0.946937500
0.955750000
0.964687500
0.973500000
0.982250000
0.991062500
0.999875000
1.008750000
1.017562500
1.026250000
1.035250000
1.044250000
1.053375000
1.062687500
1.072250000
1.081937500
1.085437500
1.091687500
1.101875000
1.112000000
1.122437500
1.132687500
1.143500000
1.154062500
1.164687500
1.174812500
1.185500000
1.196125000
1.206812500
1.217562500
1.228062500
1.239500000
1.249500000
1.414687500
1.423937500
1.433687500
1.443312500
1.452875000
1.462500000
1.472000000
1.481500000
1.490937500
1.500375000
1.509687500
1.519062500
1.528312500
1.537750000
1.547000000
1.556375000
1.565812500
1.574875000
1.583500000
1.592375000
1.601187500
1.714250000
1.723125000
1.732062500
1.741000000
1.749937500
1.758937500
1.767875000
1.776812500
1.785562500
1.794375000
1.803250000
1.811875000
1.820812500
1.828875000
1.837500000
1.846187500
1.855000000
1.858250000
1.863812500
1.872750000
1.881312500
1.889750000
1.898125000
1.906500000
1.915000000
1.923562500
1.932250000
1.940937500
1.949625000
1.958437500
1.967312500
1.976125000
1.985000000
1.993937500
2.002937500
2.012000000
2.021187500
2.030375000
2.039687500
2.049000000
2.058312500
2.067750000
2.077250000
2.086875000
2.096562500
2.106375000
2.116187500
2.126312500
2.136250000
2.145937500
2.156000000
2.166000000
2.176125000
2.186187500
2.196687500
2.207125000
2.217625000
2.228375000
2.239312500
2.250250000
2.261500000
2.272875000
2.284375000
2.296312500
