0.293812
0.301063
0.308250
0.315375
0.322375
0.329313
0.336187
0.343000
0.349750
0.356500
0.363750
0.472500
0.478812
0.485375
0.492500
0.499188
0.506750
0.514687
0.577500
0.585187
0.592437
0.599750
0.607000
0.614250
0.621500
0.628875
0.636312
0.643938
0.651750
0.659687
0.668312
0.676688
0.685312
0.694063
0.703125
0.712250
0.939750
0.948000
0.956063
0.964063
0.971938
0.979875
0.987750
0.995687
1.003625
1.011625
1.019625
1.027750
1.036000
1.044375
1.052875
1.061563
1.070375
1.079500
1.088813
1.098438
1.108438
1.118813
1.129438
1.139688
1.150250
1.161750
1.172563
1.184500
1.244500
1.254813
1.265500
1.276437
1.288688
1.409500
1.419375
1.428875
1.439062
1.449563
1.460063
1.473000
1.526313
1.535438
1.544375
1.553688
1.562750
1.571813
1.581188
1.589813
1.598625
1.747750
1.757000
1.766500
1.776250
1.786063
1.795688
1.805813
1.816000
1.819250
1.826188
1.836563
1.847188
1.857500
1.867875
1.878125
2.209437
2.219000
2.228625
2.238437
2.248250
2.258250
2.268438
2.279063
2.288438
2.296625
