0.387500000
0.394312500
0.400937500
0.407500000
0.413937500
0.420437500
0.426875000
0.433500000
0.440875000
0.448000000
0.574937500
0.580500000
0.587062500
0.593625000
0.600250000
0.607062500
0.613812500
0.620750000
0.627750000
0.634937500
0.642375000
0.650500000
0.659875000
0.668875000
0.719687500
0.727687500
0.736000000
0.744437500
0.752937500
0.761562500
0.770062500
0.778437500
0.786625000
0.794562500
0.801562500
0.809187500
0.925625000
0.933812500
0.942187500
0.950437500
0.958812500
0.967062500
0.975250000
0.983687500
0.992312500
1.001062500
1.010062500
1.019250000
1.028687500
1.038437500
1.048312500
1.328125000
1.337687500
1.346062500
1.355812500
1.365187500
1.374937500
1.384562500
1.387937500
1.418125000
1.426750000
1.436250000
1.445500000
1.454937500
1.464000000
1.472750000
1.481687500
1.490500000
1.499125000
1.507562500
1.515937500
1.524187500
1.532250000
1.540062500
1.548125000
1.671375000
1.679062500
1.688125000
1.697062500
1.706062500
1.714750000
1.723375000
1.732062500
1.740625000
1.749187500
1.757812500
1.766437500
1.775000000
1.783687500
1.792312500
1.801062500
1.809875000
1.818750000
1.827687500
1.836750000
1.845750000
1.854937500
1.864312500
1.873750000
1.883250000
1.893062500
1.902937500
1.912812500
1.922562500
1.932187500
1.941437500
1.950625000
1.959687500
1.968562500
1.977562500
1.986437500
1.995312500
2.004125000
2.012937500
2.021562500
2.030187500
2.168437500
2.177437500
2.186625000
2.196000000
2.205500000
2.215000000
2.224750000
2.234562500
2.244437500
2.254250000
2.264812500
2.337812500
2.347187500
2.356812500
2.366437500
2.376187500
2.386062500
2.395937500
2.405875000
2.416062500
2.426312500
2.436562500
2.446812500
2.457000000
2.467250000
2.477312500
2.487250000
2.496937500
2.506750000
2.516562500
2.526187500
2.535437500
2.545375000
2.554937500
2.564250000
2.573937500
2.583187500
2.592875000
2.602000000
2.611750000
2.620937500
2.630750000
2.640375000
2.649937500
2.659375000
2.669187500
2.680750000
2.778687500
2.787812500
2.797187500
2.807187500
2.818125000
2.945062500
2.954125000
2.963437500
2.972750000
2.982250000
2.991437500
3.001375000
3.011312500
3.021375000
3.031500000
3.041750000
3.051875000
3.061875000
3.071812500
3.081312500
3.091312500
3.101062500
3.110937500
3.120875000
3.130687500
3.140500000
3.151125000
3.160937500
3.171187500
3.181437500
3.191562500
3.202562500
3.213062500
3.223625000
3.234062500
3.244750000
3.255437500
3.265750000
3.275562500
3.286000000
3.296250000
3.306375000
