0.282875000
0.291750000
0.300625000
0.309437500
0.318187500
0.326750000
0.335187500
0.343250000
0.351187500
0.358937500
0.366375000
0.373500000
0.380437500
0.387250000
0.393937500
0.400375000
0.406687500
0.412937500
0.419062500
0.425125000
0.431062500
0.437000000
0.442937500
0.448812500
0.456812500
0.462187500
0.468125000
0.604312500
0.610875000
0.617187500
0.623500000
0.629812500
0.636187500
0.642562500
0.648937500
0.655500000
0.662062500
0.668812500
0.675812500
0.683187500
0.691187500
0.699437500
0.836437500
0.845687500
0.854937500
0.864562500
0.874187500
0.883750000
0.893125000
0.901937500
0.911812500
0.919625000
0.927687500
0.936250000
0.945812500
0.962375000
0.965625000
0.971750000
0.981125000
0.990562500
0.999937500
1.009312500
1.018750000
1.028062500
1.037812500
1.047937500
1.057812500
1.067812500
1.077250000
1.086625000
1.096125000
1.105875000
1.115375000
1.124937500
1.134375000
1.143812500
1.152437500
1.161687500
1.170625000
1.179375000
1.188000000
1.196312500
1.204437500
1.212500000
1.220437500
1.228312500
1.236250000
1.244125000
1.252125000
1.260312500
1.268812500
1.277312500
1.286062500
1.295125000
1.298312500
1.304562500
1.316687500
1.351125000
1.359187500
1.368000000
1.376875000
1.385750000
1.394750000
1.403812500
1.413000000
1.421875000
1.430750000
1.439250000
1.447750000
1.456062500
1.464250000
1.472187500
1.606312500
1.614687500
1.624062500
1.633375000
1.643125000
1.653062500
1.662937500
1.672687500
1.682937500
1.693000000
1.703000000
1.712750000
1.715937500
1.723125000
1.726312500
1.735437500
1.832437500
1.840687500
1.849875000
1.858687500
1.867437500
1.876187500
1.885000000
1.893875000
1.902625000
1.911625000
1.920500000
1.931625000
1.939000000
1.947937500
1.958937500
1.968937500
1.979437500
1.988812500
1.997812500
2.007375000
2.017250000
2.026875000
2.036625000
2.045937500
2.056000000
2.065437500
2.078750000
2.089125000
2.099125000
2.172937500
2.182062500
2.185437500
2.191312500
2.200687500
2.209937500
2.219125000
2.228125000
2.236937500
2.245750000
2.254437500
2.263000000
2.271625000
2.280250000
2.289000000
2.297687500
2.307937500
2.411500000
2.419375000
2.428250000
2.437375000
2.446812500
2.456562500
2.466687500
2.477125000
2.487687500
2.498375000
2.509625000
2.520437500
2.531312500
2.542062500
2.552500000
2.563187500
2.573750000
2.584062500
2.594875000
2.605062500
2.617250000
