0.492687500
0.500750000
0.508812500
0.516812500
0.524875000
0.532875000
0.541000000
0.549000000
0.557125000
0.565000000
0.572875000
0.580812500
0.588812500
0.596875000
0.604812500
0.612687500
0.620437500
0.628125000
0.635812500
0.643437500
0.651125000
0.658750000
0.666312500
0.673812500
0.681312500
0.688812500
0.696312500
0.703875000
0.711500000
0.719125000
0.726875000
0.734625000
0.742312500
0.750062500
0.757937500
0.765750000
0.773562500
0.781312500
0.789000000
0.796750000
0.804500000
0.812375000
0.820187500
0.827937500
0.835875000
0.843875000
0.851937500
0.860062500
0.868250000
0.876625000
0.885125000
0.893562500
0.902125000
0.910687500
0.919500000
0.928187500
0.937000000
0.945812500
0.954625000
0.963750000
0.972937500
0.982562500
0.993562500
1.004062500
1.014062500	
1.024375000	
1.088937500
1.097062500
1.104937500
1.112750000
1.120687500
1.128625000
1.136562500
1.144687500
1.153062500
1.161875000
1.171562500
1.180437500	
1.189375000	
1.257437500	
1.263625000	
1.273187500
1.281250000
1.290500000
1.299375000
1.308250000
1.317125000
1.326187500
1.335125000
1.344125000
1.353125000
1.362250000
1.371250000
1.380250000
1.389250000
1.398312500
1.407375000
1.416437500
1.425687500
1.434812500
1.444062500
1.453375000
1.462812500
1.472250000
1.482062500
1.491750000
1.501812500
1.511875000
1.522062500
1.532375000
1.543125000
1.553750000
1.564562500
1.575875000
1.586687500
1.596937500
1.607437500
1.617750000
1.628000000
1.638250000
1.648500000
1.658625000
1.668750000
1.679187500
1.689687500
1.700062500
1.710312500
1.720125000
1.730687500
1.740687500
1.751187500
1.761500000
1.771437500
1.782062500
1.792125000
1.802625000
1.812750000
1.823187500
1.833250000
1.843062500
1.853000000
1.862625000
1.872625000
1.882687500
1.892125000
1.901625000
1.911437500
1.921125000
1.932625000
1.943562500	
2.049750000
2.059000000
2.069125000
2.078125000
2.087562500
2.097437500
2.107375000
2.117437500
2.128000000
2.138312500
2.149000000
2.158875000
2.169375000
2.180187500
2.190750000
2.201937500
2.212312500
2.223375000	
2.233000000	
2.243312500	
2.252937500	
2.263937500	
2.272875000	
