0.283062
0.292125
0.301188
0.310250
0.319375
0.328625
0.337813
0.347063
0.356438
0.365625
0.374437
0.382937
0.391250
0.399438
0.407500
0.415500
0.423312
0.430937
0.438500
0.445937
0.453250
0.460375
0.467438
0.474375
0.481000
0.488125
0.696438
0.703875
0.711313
0.718938
0.726688
0.734500
0.742437
0.750437
0.758500
0.766563
0.774500
0.782687
0.791063
0.799813
0.809562
0.819625
0.864625
0.873812
0.882938
0.892500
0.902312
0.912438
0.922750
0.979688
0.988313
0.997500
1.006500
1.015500
1.024437
1.033500
1.042563
1.051813
1.061063
1.070437
1.080000
1.089625
1.099438
1.109500
1.119813
1.130438
1.141250
1.151938
1.162438
1.173062
1.183375
1.193250
1.615625
1.624750
1.634000
1.643938
1.801625
1.810188
1.818563
1.827063
1.835563
1.844000
1.852438
1.860937
1.869375
1.877813
1.886250
1.894750
1.903313
1.911812
1.920375
1.928938
1.937812
1.947000
1.956938
1.967563
1.978063
1.986438
1.996188
2.005875
2.015500
2.025063
2.034625
2.044188
2.053875
2.063438
2.073563
2.083875
2.094250
2.104375
2.114187
2.123688
2.133188
2.142500
2.151813
2.161000
2.170313
2.179688
2.189188
2.198625
2.208063
2.217500
2.226688
2.235813
2.244875
2.380813
2.390375
2.399563
2.408562
2.417688
2.427000
2.436563
2.446250
2.456625
2.467250
2.533875
2.543250
2.552750
2.562125
2.572125
2.581812
2.591375
2.601062
2.610688
2.620500
2.630500
2.640563
2.650750
2.661062
2.671063
2.681687
2.692250
2.703250
2.713563
2.723750
2.734125
2.744937
2.755438
