0.324062500
0.330875000
0.338000000
0.345062500
0.352062500
0.359062500
0.365875000
0.372750000
0.379687500
0.386562500
0.393250000
0.400187500
0.406937500
0.413750000
0.420500000
0.427187500
0.433875000
0.440437500
0.447000000
0.453687500
0.460437500
0.467250000
0.474250000
0.481375000
0.488625000
0.496000000
0.503562500
0.511312500
0.519187500
0.527187500
0.535312500
0.543062500
0.551250000
0.559562500
0.567500000
0.575750000
0.583875000
0.592125000
0.600437500
0.608812500
0.617187500
0.626000000
0.634687500
0.643187500
0.651875000
0.660562500
0.669312500
0.678250000
0.687187500
0.696562500
0.705750000
0.714875000
0.724312500
0.733625000
0.742812500
0.752250000
0.761625000
0.771062500
0.780500000
0.789875000
0.798937500
0.807937500
0.816687500
0.825437500
0.834187500
0.842812500
0.851437500
0.860062500
0.868812500
0.877562500
0.886187500
0.894875000
0.903500000
0.912312500
0.920812500
0.929500000
0.938187500
0.947062500
0.955875000
0.964750000
0.973562500
0.982437500
0.991437500
1.000562500
1.009812500
1.018437500
1.027687500
1.036625000
1.045562500
1.055250000
1.065125000
1.074875000
1.084812500
1.094875000
1.104875000
1.115937500
1.125750000
1.135062500
1.291437500
1.294687500
1.300000000
1.308687500
1.317437500
1.325875000
1.334437500
1.343062500
1.351375000
1.359375000
1.367562500
1.375812500
1.384500000
1.392312500
1.518125000
1.526375000
1.534750000
1.543500000
1.552812500
1.556375000
1.563750000
1.680562500
1.690625000
1.700875000
1.711187500
1.720062500
1.729687500
1.739562500
2.250812500
2.259625000
2.268687500
2.278375000
2.288062500
2.297687500
2.307437500
2.317125000
2.326875000
2.336500000
2.345812500
2.355125000
2.364375000
2.373750000
2.382687500
2.393625000
2.485250000
2.494125000
2.503125000
2.512062500
2.521375000
2.530500000
2.539375000
2.548250000
2.557875000
2.565687500
2.574625000
2.583000000
2.713937500
2.722750000
2.731687500
2.740750000
2.750000000
2.759375000
2.768750000
2.778187500
2.787375000
2.796562500
2.804937500
2.813625000
2.821625000
2.830250000
2.839812500
2.848250000
2.855937500
2.863875000
2.872312500
2.880875000
2.889687500
2.898812500
2.908312500
2.917875000
2.927625000
2.937312500
2.946937500
2.956562500
2.966000000
2.975500000
2.985062500
2.994625000
3.004312500
3.014000000
3.023687500
3.033687500
3.044125000
3.054000000
3.064250000
3.074562500
3.084812500
3.094437500
3.103812500
3.112875000
3.121812500
3.130625000
3.139375000
3.148062500
3.156875000
3.165750000
3.174812500
3.184062500
3.193750000
3.204625000
3.253937500
3.262937500
3.272500000
3.282375000
3.292250000
3.302437500
3.313125000
3.323375000
3.333187500
3.344250000
3.353437500
3.364562500
3.376125000
3.388062500
3.399125000
3.409625000
3.419750000
3.430125000
3.442062500
3.452375000
3.463375000
3.472625000
3.501812500
3.528625000
3.537562500
3.547062500
