0.118875000	
0.126750000	
0.135062500	
0.143625000	
0.151937500	
0.160437500	
0.169250000	
0.178375000	
0.187250000	
0.196750000	
0.249312500	
0.257437500	
0.265500000	
0.273875000	
0.282187500	
0.290125000	
0.298750000	
0.307250000	
0.315750000	
0.324875000	
0.342812500	
0.424187500	
0.432312500	
0.440500000	
0.448500000	
0.456625000	
0.464687500	
0.472562500	
0.480187500	
0.488062500	
0.495625000	
0.503062500	
0.510437500	
0.517562500	
0.525000000	
0.532000000	
0.539250000	
0.546250000	
0.553562500	
0.560687500	
0.568312500	
0.575812500	
0.583125000	
0.590937500	
0.598625000	
0.606625000	
0.614562500	
0.622312500	
0.630312500	
0.637937500	
0.645750000	
0.653125000	
0.660437500	
0.667750000	
0.674812500	
0.681937500	
0.689312500	
0.696750000	
0.703812500	
0.711250000	
0.718125000	
0.725750000	
0.733375000	
0.741000000	
0.748250000	
0.755937500	
0.764062500	
0.771500000	
0.780187500	
0.789000000	
0.798312500	
0.807687500	
0.816937500	
0.827062500	
0.836312500	
0.846125000	
0.855875000	
0.865687500	
0.875562500	
0.886062500	
1.359000000	
1.367875000	
1.376312500	
1.385687500	
1.395000000	
1.404812500	
1.414937500	
1.425312500	
1.435312500	
1.444937500	
1.464250000	
1.474437500	
1.484125000	
1.504375000	
1.515187500	
1.526500000	
1.537125000	
1.547062500	
1.556687500	
1.566562500	
1.576375000	
1.585437500	
1.604250000	
1.612875000	
1.621250000	
1.630312500	
1.638875000	
1.647687500	
1.656187500	
1.664750000	
1.672687500	
1.681625000	
1.689937500	
1.698125000	
1.706312500	
1.714125000	
1.721875000	
1.729937500	
1.738812500	
1.747937500	
1.756187500	
1.764187500	
1.773187500	
1.781937500	
1.790000000	
1.797625000	
1.806500000	
1.816125000	
1.825875000	
1.886000000	
1.895375000	
1.905125000	
1.914750000	
1.924187500	
1.934125000	
1.944625000	
1.954250000	
1.965312500	
2.133937500	
2.143312500	
2.152625000	
2.161500000	
2.171125000	
2.181187500	
2.190625000	
2.199375000	
2.209250000	
2.347750000	
2.356500000	
2.365312500	
2.373812500	
2.383312500	
2.391812500	
2.401062500	
2.409812500	
2.419062500	
2.428125000	
2.437375000	
2.446375000	
2.455437500	
2.464250000	
2.473687500	
2.482562500	
2.624562500	
2.634125000	
2.643687500	
2.653250000	
2.844437500	
