0.335000000
0.343562500
0.351687500
0.359812500
0.368062500
0.376437500
0.385375000
0.393437500
0.402625000
0.506750000
0.514875000
0.522500000
0.529937500
0.537500000
0.544875000
0.552250000
0.559625000
0.566562500
0.573750000
0.580687500
0.587750000
0.594562500
0.601375000
0.672875000
0.679937500
0.686750000
0.693687500
0.700750000
0.708062500
0.715625000
0.723687500
0.732000000
0.740500000
0.749250000
0.758000000
0.767187500
0.776250000
0.785125000
0.794187500
0.802937500
0.811625000
0.820187500
0.828875000
0.837437500
0.845937500
0.854375000
0.862875000
0.871125000
0.879250000
0.887562500
0.895625000
0.903750000
0.911562500
0.919000000
0.927187500
0.935000000
0.942687500
0.950687500
0.959000000
0.968187500
1.071187500
1.081187500
1.091812500
1.102562500
1.113437500
1.124562500
1.135812500
1.146000000
1.158250000
1.168375000
1.179062500
1.188875000
1.199187500
1.209750000
1.219875000
1.230125000
1.241000000	
1.632812500
1.641125000
1.649562500
1.658750000
1.668437500
1.679062500
1.689187500
1.699312500
1.708750000
1.719375000
1.729937500
1.744000000	
1.756375000
1.765187500
1.774312500
1.783937500
1.794312500
1.803875000
1.812250000
1.822375000
1.831000000
1.840937500
1.849312500
1.858375000
1.867937500
1.876125000
1.884875000
1.893500000
1.902250000
1.910937500
1.919750000
1.928625000
1.937625000
1.947062500
1.956250000
1.964750000
1.973937500
1.983375000
1.993062500
2.171125000
2.180250000
2.189437500
2.199125000
2.208875000
2.218437500
2.228187500
2.237875000
2.248562500
2.258312500
2.268312500
2.278000000
2.288250000
2.297750000
2.307937500
2.318562500
2.329125000
2.339812500
2.350312500
2.361187500
2.371687500
2.382437500
2.392687500
2.402812500
2.414500000
2.424625000
2.435937500
2.445937500
2.456812500
2.468500000
2.480500000	
