0.298125000
0.307312500
0.316562500
0.325625000
0.334687500
0.343750000
0.352500000
0.361500000
0.370187500
0.379125000
0.387937500
0.396812500
0.405687500
0.414875000
0.423937500
0.433000000
0.442375000
0.451562500
0.461250000
0.470937500
0.480437500
0.490937500
0.501125000
0.511375000
0.522312500
0.533687500
0.544375000
0.554937500
0.565375000
0.615812500
0.625937500
0.636625000
0.879062500
0.888000000
0.897062500
0.906187500
0.915375000
0.924562500
0.933687500
0.942750000
0.951812500
0.960812500
0.969812500
0.978875000
0.987937500
0.997000000
1.006062500
1.014875000
1.024125000
1.033375000
1.042625000
1.051687500
1.060625000
1.069562500
1.080937500
1.211250000
1.219937500
1.228250000
1.236437500
1.244687500
1.252875000
1.261312500
1.269812500
1.278437500
1.287000000
1.295687500
1.304687500
1.313562500
1.322687500
1.331375000
1.341125000
1.351500000
1.362437500
1.435125000
1.444687500
1.454812500
1.465562500
1.476375000
1.487500000
1.497375000
1.509937500
1.521437500
1.532500000
