0.270312500	
0.278500000	
0.286500000	
0.295062500	
0.304312500	
0.376437500	
0.384500000	
0.392687500	
0.401375000	
0.410812500	
0.420625000	
0.430687500	
0.523312500	
0.532062500	
0.540625000	
0.549250000	
0.557625000	
0.566062500	
0.574500000	
0.582687500	
0.590812500	
0.598187500	
0.606437500	
0.614187500	
0.621812500	
0.628937500	
0.636625000	
0.644312500	
0.651812500	
0.659125000	
0.666625000	
0.674062500	
0.681250000	
0.688125000	
0.695375000	
0.702750000	
0.709500000	
0.716750000	
0.724500000	
0.731750000	
0.739375000	
0.746562500	
0.753750000	
0.761000000	
0.768687500	
0.776562500	
0.783937500	
0.791750000	
0.799062500	
0.807812500	
0.814437500	
0.822000000	
0.830000000	
0.838375000	
0.847187500	
0.856625000	
0.924250000	
0.933875000	
0.943687500	
0.953625000	
0.964875000	
1.126312500	
1.134562500	
1.142312500	
1.150000000	
1.157812500	
1.165687500	
1.173125000	
1.180812500	
1.189937500	
1.259687500	
1.267312500	
1.275187500	
1.283375000	
1.290687500	
1.298750000	
1.306937500	
1.315187500	
1.448375000	
1.456937500	
1.465062500	
1.475000000	
1.484812500	
1.681687500	
1.690500000	
1.699562500	
1.708625000	
1.717750000	
1.726687500	
1.736125000	
1.745687500	
1.754937500	
1.764875000	
1.774937500	
1.785062500	
1.795062500	
1.805500000	
1.816500000	
1.828812500	
1.943250000	
1.953500000	
1.963750000	
1.974812500	
1.985500000	
1.996062500	
2.007187500	
2.018937500	
