0.264437500	
0.273625000	
0.282625000	
0.292562500	
0.302312500	
0.312687500	
0.323937500	
0.334375000	
0.344875000	
0.354625000	
0.363875000	
0.373187500	
0.381937500	
0.390937500	
0.399500000	
0.407937500	
0.416437500	
0.424687500	
0.432812500	
0.440437500	
0.448250000	
0.455937500	
0.463562500	
0.470750000	
0.478062500	
0.485187500	
0.492250000	
0.499062500	
0.506187500	
0.513125000	
0.520125000	
0.526937500	
0.534000000	
0.540812500	
0.547750000	
0.554437500	
0.561375000	
0.568125000	
0.575187500	
0.582062500	
0.589250000	
0.596875000	
0.604375000	
0.612187500	
0.620375000	
0.629562500	
0.653687500	
0.661750000	
0.669875000	
0.678125000	
0.686500000	
0.694937500	
0.703312500	
0.711562500	
0.720562500	
0.729062500	
0.737750000	
0.746250000	
0.754687500	
0.763625000	
0.772812500	
0.829312500	
0.837750000	
0.846062500	
0.854812500	
0.863750000	
0.872125000	
0.881437500	
0.890437500	
0.899437500	
0.908375000	
0.917687500	
0.926750000	
0.935812500	
0.944812500	
0.954062500	
0.963312500	
0.971750000	
0.980500000	
0.988375000	
0.996625000	
1.004687500	
1.013625000	
1.021687500	
1.030250000	
1.038750000	
1.047562500	
1.064562500	
1.073312500	
1.082625000	
1.091500000	
1.100750000	
1.109937500	
1.119562500	
1.128812500	
1.137812500	
1.147062500	
1.156187500	
1.165625000	
1.175875000	
1.248750000	
1.256875000	
1.265437500	
1.273375000	
1.281937500	
1.290062500	
1.298250000	
1.306625000	
1.315062500	
1.323562500	
1.332062500	
1.340937500	
1.349437500	
1.358750000	
1.367687500	
1.376875000	
1.386875000	
1.397187500	
1.408375000	
1.418437500	
1.429000000	
1.440312500	
1.450875000	
1.461312500	
1.472062500	
1.482000000	
1.492625000	
1.503312500	
1.513250000	
1.523937500	
1.533062500	
1.542437500	
1.552562500	
1.680437500	
1.690187500	
1.700187500	
1.710375000	
1.720562500	
1.730500000	
1.740187500	
1.750687500	
1.759562500	
1.769312500	
1.778875000	
1.788812500	
1.798375000	
1.808812500	
1.819500000	
1.831000000	
1.908375000	
1.917500000	
1.925750000	
1.934687500	
1.943250000	
1.951937500	
1.960687500	
1.969625000	
1.978687500	
1.988562500	
2.145687500	
2.154625000	
2.164000000	
2.173687500	
2.183375000	
2.193062500	
2.203000000	
2.212250000	
2.222562500	
2.232937500	
2.243000000	
2.252312500	
2.273250000	
2.284375000	
2.294625000	
2.315500000	
2.337312500	
2.348187500	
2.358875000	
2.379687500	
2.390187500	
