0.242562500
0.251562500
0.261875000
0.272937500
0.424250000
0.432000000
0.439312500
0.446937500
0.454875000
0.462187500
0.469937500
0.477312500
0.484437500
0.491437500
0.498562500
0.636250000
0.643812500
0.651687500
0.659062500
0.667000000
0.675187500
0.683562500
0.692625000
0.701125000
0.710625000
0.859312500
0.868750000
0.878000000
0.887437500
0.896750000
0.906187500
0.915687500
0.925125000
0.934687500
0.944250000
0.953937500
0.963625000
0.973312500
0.983375000
0.993562500
1.003687500
1.014125000
1.024750000
1.035875000
1.047000000
1.058187500
1.069500000
1.081312500
1.092812500
1.103937500
1.115312500
1.126500000
1.137500000
1.148750000
1.159875000
1.170937500
1.182125000
1.193500000
1.326562500
1.336187500
1.344625000
1.355687500
1.366000000
1.375750000
1.386750000
1.396937500
1.407062500
1.462937500
1.474437500
1.485250000
1.495812500
1.506250000
1.516562500
1.527750000
1.538375000
1.548687500
1.668062500
1.678500000
1.688812500
1.699250000
1.709812500
1.720500000
1.731312500
1.742312500
1.752937500
1.764000000
1.774562500
1.785562500
1.796562500
1.808000000
1.818437500
1.829500000
1.841312500
