0.168875000
0.176687500
0.184375000
0.192312500
0.200125000
0.208312500
0.216437500
0.224500000
0.232875000
0.241125000
0.249437500
0.257750000
0.266062500
0.274375000
0.282312500
0.289937500
0.297687500
0.305375000
0.312625000
0.319875000
0.327000000
0.334062500
0.341062500
0.348250000
0.355250000
0.361875000
0.368750000
0.375812500
0.382625000
0.389562500
0.396375000
0.403125000
0.410437500
0.417625000
0.424937500
0.432500000
0.440562500
0.448687500
0.457250000
0.468062500
0.478312500
0.485875000
0.495312500
0.504437500
0.514312500
0.524062500
0.534125000
0.544250000
0.554500000
0.564687500
0.575125000
0.585500000
0.596000000
0.606437500
0.617562500
0.927125000
0.935000000
0.943375000
0.951562500
0.959812500
0.968062500
0.976375000
0.984812500
0.993500000
1.002312500
1.011312500
1.020500000
1.029937500
1.039687500
1.049687500
1.059750000
1.070312500
1.080875000
1.091750000
1.102937500
1.113625000
1.124875000
1.135250000
1.145062500
1.155312500
1.165937500
1.175750000
1.186312500
1.586937500
1.596062500
1.604625000
1.614062500
1.623250000
1.632625000
1.641562500
1.651125000
1.660937500
1.670500000
1.680187500
1.690687500
1.701875000
1.711625000
1.722250000
1.731937500
1.741187500
1.750000000
1.759062500
1.768250000
1.777437500
1.786312500
1.795000000
1.803437500
1.812125000
1.820687500
1.829312500
1.838312500
1.846437500
1.854625000
1.862437500
2.039812500
2.048000000
2.056187500
2.064562500
2.073125000
2.081812500
2.090750000
2.099625000
2.109000000
2.117875000
2.127000000
2.136375000
2.145750000
2.155437500
2.165312500
2.175187500
2.185125000
2.195000000
2.204500000
2.214062500
2.223312500
2.232875000
2.242250000
2.251500000
2.260625000
2.270000000
2.279500000
2.289125000
2.298875000
2.308937500
2.318687500
2.328750000
2.339125000
2.349687500
2.360125000
2.370750000
2.381437500
2.391875000
2.402625000
2.420875000
2.430562500
