0.263937500
0.272562500
0.280875000
0.289250000
0.391125000
0.399375000
0.407687500
0.416062500
0.424500000
0.433062500
0.441750000
0.450375000
0.459000000
0.467625000
0.476250000
0.484937500
0.493687500
0.502562500
0.511625000
0.520812500
0.530062500
0.539250000
0.548500000
0.557625000
0.566875000
0.575937500
0.585125000
0.594312500
0.603812500
0.613125000
0.622750000
0.789937500
0.797750000
0.805437500
0.813000000
0.820687500
0.828125000
0.835562500
0.842812500
0.850062500
0.857062500
0.864250000
0.931437500
0.938875000
0.946250000
0.953750000
0.961812500
1.068750000
1.077312500
1.085687500
1.094500000
1.103437500
1.112500000
1.121812500
1.131437500
1.211937500
1.220625000
1.229062500
1.237500000
1.245937500
1.254437500
1.263000000
1.271562500
1.280187500
1.288937500
1.297687500
1.306687500
1.315875000
1.325187500
1.334875000
1.344937500
1.355375000
1.366125000
1.376937500
1.388125000
1.399312500
1.410562500
1.422187500
1.432937500
1.444125000
1.455000000
1.466125000
1.477250000
1.488187500
1.500062500
1.788000000
1.795937500
1.805125000
1.888187500
1.897625000
1.907062500
1.916812500
1.926000000
1.935500000
1.945500000
1.954625000
1.965437500
1.976250000
1.988500000
2.052062500
2.060375000
2.070437500
2.080625000
2.090937500
2.100937500
2.111125000
2.121250000
2.131750000
2.219000000
2.227562500
2.237000000
2.246812500
2.256125000
2.265187500
2.274000000
2.282687500
2.291312500
2.300062500
2.308750000
2.317500000
2.326437500
2.335312500
2.344375000
2.353375000
2.362125000
2.370812500
2.379375000
2.388000000
2.396625000
2.405250000
2.413812500
2.422500000
2.431312500
2.440187500
2.449125000
2.457937500
2.466875000
2.475875000
2.484750000
2.493562500
2.502437500
2.511312500
2.520187500
2.529062500
2.538062500
2.547062500
2.556187500
2.565437500
2.574562500
2.583750000
2.592875000
2.602125000
2.611312500
2.620625000
2.629937500
2.639312500
2.648937500
2.658437500
2.667875000
2.677562500
2.687312500
2.697250000
2.707250000
2.717500000
2.727875000
2.738250000
2.748875000
2.759500000
2.770062500
2.780687500
2.791250000
2.802437500
2.813812500
2.824250000
2.835687500
2.846000000
2.856187500
2.867437500
2.877312500
2.888312500
2.901125000
