0.315812500
0.324250000
0.333125000
0.342250000
0.351312500
0.360375000
0.369437500
0.378187500
0.387437500
0.396687500
0.405687500
0.414500000
0.423187500
0.431562500
0.439687500
0.447500000
0.455875000
0.463000000
0.470437500
0.477687500
0.484875000
0.491937500
0.499062500
0.506125000
0.513312500
0.520500000
0.527687500
0.534750000
0.541875000
0.549000000
0.556125000
0.563187500
0.570375000
0.577562500
0.584687500
0.591875000
0.599187500
0.606312500
0.613437500
0.620500000
0.627625000
0.634750000
0.641937500
0.649125000
0.656375000
0.663500000
0.670750000
0.677812500
0.685000000
0.692250000
0.699500000
0.706812500
0.714125000
0.721562500
0.729187500
0.736875000
0.744562500
0.752312500
0.760125000
0.768125000
0.776062500
0.784187500
0.792375000
0.800750000
0.809312500
0.818125000
0.827000000
0.836375000
0.845375000
0.854687500
0.864875000
0.953500000
0.962500000
0.971937500
0.982625000
0.992875000
1.004000000	
1.015750000	
1.064500000	
1.072562500
1.081437500
1.089562500
1.097750000
1.106062500
1.114125000
1.122250000
1.130187500
1.138125000
1.146000000
1.154500000
1.163062500
1.171812500
1.180750000
1.189875000
1.199125000
1.208500000
1.218000000
1.228062500
1.238937500
1.250625000
1.261250000	
1.271250000	
1.302437500
1.310437500
1.319375000
1.328500000
1.337875000
1.347312500
1.356812500
1.366375000
1.375937500
1.385812500
1.395625000
1.405875000
1.416375000
1.426937500
1.437375000
1.448375000
1.458937500
1.469687500
1.481125000
1.491937500
1.502625000
1.513000000
1.522000000
1.532687500
1.542562500
1.552562500
1.561750000	
1.569250000	
1.576250000	
1.583500000	
1.590250000	
1.598000000	
1.605250000	
1.612250000	
1.619250000	
1.625625000
1.633750000
1.641500000
1.650625000
1.659687500
1.669312500
1.678937500
1.688750000
1.698562500
1.708250000
1.718250000
1.727875000
1.738250000
1.748375000
1.758750000
1.768687500
1.778562500
1.788562500
1.798312500
1.808500000
1.818687500
1.828875000
1.838750000
1.848750000
1.858500000
1.868187500
1.877937500
1.887687500
1.897312500
1.906875000
1.916250000
1.925750000
1.935125000
1.944875000
1.954625000
1.966062500
1.976750000	
2.152562500
2.162687500
2.173687500
2.183062500
2.193187500
2.203750000
2.214500000
2.225062500
2.235125000
2.245750000
2.257125000
2.268250000	
2.279750000	
