0.268375000
0.276437500
0.284812500
0.292937500
0.301812500
0.309937500
0.442187500
0.450812500
0.459687500
0.469125000
0.479000000
0.489625000
0.550687500
0.557375000
0.565875000
0.574312500
0.583062500
0.591937500
0.601062500
0.610250000
0.620000000
0.629687500
0.640187500
0.650375000
0.662000000
0.673312500
0.684000000
0.702687500
1.295625000
1.304625000
1.313875000
1.323125000
1.332312500
1.341687500
1.351125000
1.360687500
1.370375000
1.380062500
1.390187500
1.400125000
1.410250000
1.420125000
1.430312500
1.440187500
1.450187500
1.460750000
1.470500000
1.480250000
1.490000000
1.499562500
1.509062500
1.518375000
1.528125000
1.537250000
1.545437500
1.554750000
1.562562500
1.571125000
1.700500000
1.708750000
1.718500000
1.726687500
1.861312500
1.869937500
1.878500000
1.881687500
1.887625000
1.896625000
1.905875000
1.915125000
1.924375000
1.933625000
1.943000000
1.952312500
1.961687500
1.971125000
1.980562500
1.990062500
1.999625000
2.008625000
2.017687500
2.026687500
2.035187500
2.043937500
2.052437500
2.061125000
2.069062500
2.077375000
2.085937500
2.095312500
2.104937500
2.286562500
2.295312500
2.303937500
2.313312500
2.322437500
2.332000000
2.466937500
2.470187500
2.477312500
2.488000000
2.498750000
2.509562500
2.520937500
2.587687500
2.626000000
2.636625000
