0.248312500
0.257125000
0.265875000
0.274875000
0.283750000
0.292812500
0.301875000
0.310937500
0.320062500
0.329312500
0.338625000
0.348062500
0.357562500
0.367000000
0.376437500
0.379687500
0.385812500
0.395125000
0.404375000
0.413625000
0.422812500
0.431812500
0.440687500
0.449500000
0.458062500
0.466500000
0.474812500
0.482937500
0.491000000
0.499000000
0.506937500
0.514750000
0.522500000
0.530312500
0.537875000
0.545500000
0.552937500
0.560312500
0.567437500
0.574625000
0.581812500
0.589062500
0.596312500
0.603625000
0.610875000
0.618125000
0.625375000
0.632625000
0.639875000
0.647187500
0.654500000
0.661875000
0.669187500
0.676500000
0.683875000
0.691375000
0.698937500
0.707000000
0.715125000
0.723500000
0.732375000
0.742312500
0.750375000
0.821875000
0.830000000
0.838312500
0.846812500
0.855250000
0.863875000
0.872562500
0.881312500
0.890000000
0.898750000
0.907375000
0.916000000
0.925687500
0.934312500
0.943000000
0.951000000
0.959812500
0.968937500
0.977750000
0.986875000
0.996187500
1.005625000
1.014875000
1.024000000
1.032875000
1.041562500
1.050250000
1.057562500
1.066750000
1.282312500
1.290125000
1.298000000
1.305875000
1.313875000
1.322000000
1.330250000
1.338625000
1.347250000
1.356125000
1.365312500
1.374812500
1.385062500
1.395687500
1.406625000
1.417875000
1.428937500
1.439812500
1.450937500
1.461812500
1.473125000
1.483562500
1.494562500
1.505375000
1.516625000
1.527687500
1.627625000
1.648875000
1.657250000
1.665562500
1.674000000
1.683312500
1.691562500
1.700687500
1.710937500
1.720625000
1.731312500
1.741937500
1.752750000
1.763562500
1.773562500
1.776875000
1.783937500
1.795937500
1.851937500
1.860625000
1.871125000
1.881187500
1.891375000
2.045375000
2.054812500
2.064312500
2.073875000
2.083312500
2.092875000
2.096125000
2.102937500
2.112375000
2.122625000
2.132625000
2.142937500
2.153375000
2.164187500
2.175437500
2.186812500
2.197437500
2.207750000
2.260312500
