0.257812500
0.265562500
0.272875000
0.280125000
0.287250000
0.294562500
0.302250000
0.309937500
0.317625000
0.433625000
0.439875000
0.446750000
0.453750000
0.460687500
0.467875000
0.475375000
0.483750000
0.491750000
0.501000000
0.509625000
0.518875000
0.543062500
0.551062500
0.558937500
0.567125000
0.575125000
0.583312500
0.591562500
0.599937500
0.609250000
0.803375000
0.810812500
0.819187500
0.827375000
0.835812500
0.844187500
0.852625000
0.860875000
0.869375000
0.877687500
0.886500000
0.894250000
0.902937500
0.911312500
0.919687500
0.928062500
0.936562500
0.945187500
0.953937500
0.962625000
0.971312500
0.980125000
0.989000000
0.998125000
1.007187500
1.016437500
1.025750000
1.035187500
1.044812500
1.054562500
1.064437500
1.074437500
1.084625000
1.322000000
1.330437500
1.338875000
1.347375000
1.355875000
1.364375000
1.372937500
1.381437500
1.390000000
1.398562500
1.407187500
1.415875000
1.424625000
1.433437500
1.442437500
1.451250000
1.461312500
1.470812500
1.480562500
1.490562500
1.499562500
1.503125000
1.509937500
1.513687500
1.521125000
1.531187500
1.535562500
1.542875000
1.553750000
1.557562500
1.565312500
1.569250000
1.578125000
1.587312500
1.591000000
1.600312500
1.787750000
1.803437500
1.812625000
1.820812500
1.829125000
1.838312500
1.847437500
1.857812500
1.867312500
1.876750000
1.886000000
1.995750000
2.005250000
2.014500000
2.018125000
2.024125000
2.033562500
2.043125000
2.052375000
2.061875000
2.071125000
2.080250000
2.089437500
2.098625000
2.107937500
2.117375000
2.126812500
2.136062500
2.145250000
2.154562500
2.164812500
2.174187500
2.183812500
2.193125000
2.202812500
2.213625000
2.225812500
2.297812500
2.307375000
2.316187500
2.324312500
