0.352812
0.361312
0.364812
0.369688
0.378437
0.386875
0.395500
0.404187
0.412750
0.421312
0.429812
0.438312
0.446875
0.455500
0.464187
0.472875
0.481687
0.490625
0.499625
0.508813
0.518125
0.527500
0.537063
0.546750
0.556562
0.566625
0.576875
0.587250
0.597875
0.608563
0.619250
0.630313
0.641000
0.651062
0.661875
0.672250
1.301750
1.310500
1.319063
1.327500
1.335938
1.344375
1.352750
1.361250
1.369500
1.377875
1.386313
1.394562
1.402750
1.410750
1.418562
1.426438
1.433875
1.441188
1.448438
1.455563
1.462625
1.469688
1.476625
1.483625
1.490750
1.498063
1.505375
1.513063
1.520875
1.529063
1.536812
1.544437
1.552313
1.559875
1.567313
1.574938
1.582313
1.590250
1.598438
1.606500
1.614688
1.623000
1.631438
1.640125
1.648750
1.656875
1.664688
1.670688
1.673938
1.680875
1.689125
1.856625
1.865063
1.873188
1.881625
1.890250
1.899125
2.050875
2.060437
2.069812
2.079438
2.090750
2.221000
2.228500
2.236562
2.244687
2.252750
2.260813
2.268750
2.276937
2.285125
2.293563
2.302000
2.310625
2.319437
2.329375
2.501063
2.510063
2.513562
2.520812
2.529750
2.549313
2.553500
2.560375
2.570688
2.573938
2.581750
2.592375
2.595563
2.603250
2.613750
2.624438
2.634500
2.653313
2.663250
2.673375
2.683313
2.693375
2.703438
2.713563
2.723750
2.733938
2.744063
2.755250
2.765500
