0.192687500
0.200500000
0.209187500
0.218000000
0.227062500
0.236375000
0.245937500
0.255625000
0.265625000
0.275625000
0.285687500
0.295750000
0.305750000
0.315875000
0.325937500
0.335937500
0.345750000
0.355375000
0.364937500
0.375187500
0.384500000
0.393812500
0.403000000
0.412312500
0.421625000
0.430000000
0.439062500
0.448500000
0.451750000
0.458125000
0.467687500
0.477062500
0.486375000
0.495500000
0.504437500
0.513125000
0.521500000
0.529812500
0.538000000
0.545937500
0.553875000
0.561687500
0.569437500
0.577125000
0.584687500
0.592187500
0.599625000
0.607000000
0.614375000
0.621625000
0.628875000
0.636125000
0.643250000
0.650375000
0.657500000
0.664687500
0.671875000
0.679125000
0.686500000
0.694062500
0.702062500
0.709750000
0.828562500
0.836187500
0.842625000
0.850375000
0.858875000
0.868312500
0.875500000
0.883625000
0.891437500
0.899625000
0.907687500
0.915812500
0.924062500
0.932625000
0.941687500
0.951312500
0.961000000
0.970687500
1.040250000
1.049187500
1.058125000
1.067250000
1.076875000
1.086375000
1.096000000
1.105812500
1.115562500
1.125812500
1.136625000
1.268812500
1.276687500
1.284125000
1.291562500
1.299000000
1.306437500
1.314000000
1.321625000
1.329375000
1.337375000
1.345500000
1.353875000
1.362312500
1.371187500
1.380312500
1.389500000
1.399250000
1.408625000
1.418750000
1.428437500
1.833562500
1.842687500
1.851937500
1.861562500
1.871125000
1.880687500
1.891000000
1.899625000
1.909250000
1.920375000
1.930562500
1.939562500
1.949125000
1.958937500
1.968437500
1.978312500
1.988187500
1.998375000
2.131250000
2.140812500
2.149062500
2.158625000
2.168125000
2.177937500
2.187687500
2.197687500
2.207562500
2.217937500
2.228250000
2.238125000
2.248687500
2.259312500
2.270562500
2.281312500
2.292125000
2.303375000
2.314375000
2.325187500
2.336437500
2.348625000
2.359625000
2.371375000
