0.269500000	
0.278437500	
0.287250000	
0.295750000	
0.304812500	
0.313375000	
0.321687500	
0.329875000	
0.338125000	
0.346000000	
0.353500000	
0.361187500	
0.369062500	
0.376750000	
0.385000000	
0.392875000	
0.400812500	
0.409500000	
0.417312500	
0.434937500	
0.443500000	
0.907312500	
0.915750000	
0.925062500	
0.934625000	
0.944375000	
0.953562500	
0.962875000	
0.971937500	
0.981812500	
0.991187500	
1.000125000	
1.010125000	
1.019687500	
1.029375000	
1.039625000	
1.049250000	
1.058750000	
1.067937500	
1.076687500	
1.086125000	
1.094750000	
1.102875000	
1.111375000	
1.119312500	
1.127812500	
1.136125000	
1.144750000	
1.153250000	
1.161625000	
1.170125000	
1.178625000	
1.187125000	
1.196125000	
1.204875000	
1.214000000	
1.223062500	
1.232187500	
1.242750000	
1.251437500	
1.314437500	
1.718000000	
1.727437500	
1.728187500	
1.812500000	
1.841312500	
2.473500000	
2.483062500	
2.492500000	
2.501437500	
2.511000000	
2.520937500	
2.531062500	
3.043187500	
3.052875000	
3.062625000	
3.071312500	
3.080625000	
3.090312500	
3.098875000	
3.107750000	
3.116812500	
3.125687500	
3.135187500	
3.143937500	
3.152625000	
3.161500000	
3.170562500	
3.179312500	
3.188312500	
3.197625000	
3.206750000	
3.216500000	
3.225812500	
3.235312500	
3.245125000	
3.254500000	
3.264187500	
3.273375000	
3.283250000	
3.293062500	
3.302312500	
3.312500000	
3.450562500	
3.459750000	
3.469375000	
3.537625000	
3.548000000	
3.557812500	
