0.250187500
0.258562500
0.267187500
0.276625000
0.285625000
0.294750000
0.304062500
0.313750000
0.323500000
0.333312500
0.342187500
0.352750000
0.361625000
0.371875000
0.381187500
0.390187500
0.399187500
0.407750000
0.416125000
0.423687500
0.431812500
0.439687500
0.447500000
0.455000000
0.462375000
0.469625000
0.476687500
0.483500000
0.490312500
0.496937500
0.503375000
0.509875000
0.516312500
0.523000000
0.529625000
0.536500000
0.543687500
0.676250000
0.683562500
0.691312500
0.699062500
0.707000000
0.715000000
0.723125000
0.731250000
0.740500000
0.748937500
0.756437500
0.765437500
0.774250000
0.783375000
0.792687500
0.802125000
0.811125000
0.821187500
0.831187500
0.842062500
0.852500000
0.861875000
0.872562500
0.882625000
0.893375000
0.903250000
0.912687500
0.996125000
1.003562500
1.013125000
1.022375000
1.031250000
1.040187500
1.217250000
1.225562500
1.234125000
1.242875000
1.251625000
1.260437500
1.269125000
1.277875000
1.286625000
1.295687500
1.304437500
1.313312500
1.322437500
1.331312500
1.340312500
1.348750000
1.357625000
1.366312500
1.375000000
1.383562500
1.392187500
1.400812500
1.409437500
1.418187500
1.426812500
1.435500000
1.444437500
1.450812500
1.572687500
1.581000000
1.590500000
1.600937500
1.609687500
1.620125000
1.629687500
1.638312500
1.648000000
1.657625000
1.667375000
1.677000000
1.686437500
1.695812500
1.705375000
1.715562500
1.723625000
1.732687500
1.741687500
1.750562500
1.760125000
1.768250000
1.777875000
1.787000000
1.796000000
1.805000000
1.814125000
1.823187500
1.832375000
1.842062500
1.850812500
1.859562500
1.967687500
1.976562500
1.986062500
1.995500000
2.005125000
2.014500000
2.024250000
2.033937500
2.043625000
2.054437500
2.063750000
2.074062500
2.084500000
2.095937500
2.106875000
2.117812500
2.128750000
2.139125000
2.149812500
2.160562500
2.209312500
2.219125000
2.228937500
