0.271688
0.279375
0.288375
0.297500
0.476250
0.482938
0.489375
0.495688
0.502000
0.508375
0.514875
0.521000
0.705000
0.712562
0.720313
0.728062
0.736313
0.744563
0.752938
0.761563
0.770375
0.779563
0.788875
0.864125
0.872375
0.881062
0.889813
0.898687
0.907687
0.916813
0.925875
0.935250
0.944625
0.954063
0.963562
0.973000
0.982313
0.991375
1.000188
1.008875
1.017313
1.025750
1.033938
1.042062
1.050125
1.058250
1.066437
1.074812
1.083125
1.091625
1.100250
1.109125
1.118187
1.127500
1.137000
1.146813
1.157063
1.167563
1.178187
1.189125
1.200125
1.211313
1.222500
1.233875
1.245375
1.248688
1.256813
1.268063
1.279125
1.289938
1.300688
1.311375
1.321875
1.457750
1.466938
1.476188
1.485438
1.494750
1.504312
1.514063
1.523937
1.533750
1.543500
1.553563
1.563687
1.573625
1.583813
1.593875
1.604000
1.614250
1.624625
1.635000
1.645313
1.656063
1.666688
1.677375
1.688125
1.698750
1.709000
1.718813
1.728250
1.737250
1.746063
1.754688
1.763313
1.772000
1.780812
1.789875
1.799250
1.809125
1.819250
1.829813
1.841188
2.059438
2.069688
2.078500
2.087625
2.097000
2.106625
2.116563
2.126813
2.137062
2.147375
2.158250
2.306437
2.316125
2.325938
2.335625
2.345438
2.355313
2.365188
2.375062
2.384937
2.394750
2.404375
2.414250
2.423875
2.433750
2.443563
2.453500
2.464062
2.495250
2.505187
2.515125
2.525125
2.535250
2.545313
2.555375
2.565500
2.575625
2.585938
2.596250
2.606562
2.616875
2.627500
2.638063
2.648938
2.660000
2.670688
2.682187
2.693000
2.704375
2.715625
2.726812
2.737938
2.750688
