0.248500000	
0.257000000	
0.265687500	
0.274187500	
0.283187500	
0.292062500	
0.371375000	
0.379062500	
0.385812500	
0.392062500	
0.398562500	
0.404625000	
0.411000000	
0.604687500	
0.611312500	
0.617562500	
0.624312500	
0.631437500	
0.638500000	
0.645125000	
0.652625000	
0.660000000	
0.667562500	
0.675062500	
0.682500000	
0.690125000	
0.698000000	
0.705625000	
0.713500000	
0.721687500	
0.729812500	
0.738000000	
0.746625000	
0.755937500	
0.765125000	
0.773750000	
0.782562500	
0.791250000	
0.800000000	
0.808625000	
0.817562500	
0.826625000	
0.836125000	
0.845062500	
0.854500000	
0.863625000	
0.873312500	
0.883437500	
0.892750000	
0.911937500	
0.922000000	
0.932000000	
0.969875000	
0.978187500	
0.986562500	
0.995187500	
1.003750000	
1.011687500	
1.020375000	
1.028000000	
1.230687500	
1.237937500	
1.246812500	
1.255250000	
1.263937500	
1.272875000	
1.282312500	
1.291312500	
1.301375000	
1.311437500	
1.465187500	
1.476000000	
1.485062500	
1.490750000	
1.499312500	
1.508062500	
1.517187500	
1.526125000	
1.535375000	
1.543875000	
1.552812500	
1.561937500	
1.570812500	
1.580125000	
1.588937500	
1.597937500	
1.607062500	
1.616500000	
1.625750000	
1.634750000	
1.644375000	
1.653500000	
1.663375000	
1.672375000	
1.682187500	
1.691312500	
1.700812500	
1.710062500	
1.719937500	
1.729937500	
1.738625000	
1.828312500	
1.837500000	
1.847250000	
1.856875000	
1.866750000	
1.876687500	
1.886812500	
1.896562500	
1.906562500	
1.916562500	
1.927187500	
1.938312500	
1.949625000	
2.194437500	
2.202187500	
2.210187500	
2.218125000	
2.226562500	
2.235500000	
2.262125000	
2.339500000	
2.360312500	
2.417937500	
2.427250000	
2.436187500	
2.445375000	
2.454750000	
2.463437500	
2.567437500	
2.575125000	
2.584687500	
2.593812500	
2.602500000	
2.612062500	
2.621500000	
2.630625000	
2.639312500	
2.776250000	
2.786062500	
2.795250000	
2.804062500	
2.813000000	
2.823250000	
2.833750000	
2.841875000	
2.851437500	
2.871187500	
2.880687500	
