0.259625000
0.268250000
0.276937500
0.285937500
0.294875000
0.304187500
0.313812500
0.323375000
0.333062500
0.342687500
0.352062500
0.361062500
0.369750000
0.378062500
0.386187500
0.394187500
0.402000000
0.409812500
0.417500000
0.425187500
0.432687500
0.439937500
0.447187500
0.454375000
0.461437500
0.468187500
0.475312500
0.482625000
0.634812500
0.641937500
0.649187500
0.656375000
0.663812500
0.671375000
0.679125000
0.687000000
0.694937500
0.702937500
0.711125000
0.719375000
0.727500000
0.735812500
0.744187500
0.752750000
0.761187500
0.769875000
0.778687500
0.787750000
0.796875000
0.805937500
0.815187500
0.824375000
0.833750000
0.843062500
0.852312500
0.861812500
0.870875000
0.880500000
0.889687500
0.899000000
0.908062500
0.917125000
0.926125000
0.934937500
0.943687500
0.952250000
0.960812500
0.969437500
0.978250000
0.986500000
0.994875000
1.003125000
1.011500000
1.019937500
1.028500000
1.037000000
1.045750000
1.054562500
1.063562500
1.072750000
1.082062500
1.091625000
1.101375000
1.111250000
1.121250000
1.131437500
1.141500000
1.151875000
1.162062500
1.172562500
1.182875000
1.193125000
1.203375000
1.213562500
1.223812500
1.234125000
1.244437500
1.255125000
1.435000000
1.444062500
1.453375000
1.462562500
1.472062500
1.481312500
1.490812500
1.500250000
1.509625000
1.518937500
1.528250000
1.537937500
1.548750000
1.560375000
1.571062500
1.581437500
1.590625000
1.600125000
1.609625000
1.619187500
1.628750000
1.638187500
1.647750000
1.657250000
1.667000000
1.676687500
1.686187500
1.695875000
1.705375000
1.714875000
1.724250000
1.733437500
1.742562500
1.751500000
1.760250000
1.768875000
1.777312500
1.785687500
1.794125000
1.802625000
1.811437500
1.820875000
1.830000000	
1.840000000	
1.850000000	
1.858750000	
1.867937500
1.875000000
1.883750000
1.892437500
1.901250000
1.910375000
1.919562500
1.929625000
2.085250000
2.093812500
2.102375000
2.111000000
2.119625000
2.128562500
2.137625000
2.146750000
2.156125000
2.165750000
2.175437500
2.185437500
2.195812500
2.206312500
2.217187500
2.227375000
2.238812500
2.249125000
2.259375000
2.270062500
2.280562500
2.290875000
2.301500000
2.311562500
2.320875000
2.331187500
2.340937500	
2.351875000	
