0.231563
0.238875
0.247500
0.256312
0.265125
0.274000
0.283187
0.312375
0.320125
0.329375
0.338625
0.347875
0.357063
0.366187
0.375125
0.383875
0.392437
0.400750
0.409000
0.417063
0.425000
0.433000
0.440875
0.448562
0.456313
0.463938
0.471500
0.479063
0.486687
0.494375
0.502062
0.510188
0.518375
0.526687
0.535312
0.543813
0.551875
0.559875
0.567813
0.575688
0.583500
0.591500
0.599250
0.607062
0.615000
0.622938
0.631000
0.639062
0.647188
0.655438
0.663750
0.672188
0.680875
0.689438
0.698313
0.707625
0.717688
0.727000
0.736688
0.745437
0.754875
0.764687
0.774125
0.783625
0.793250
0.802625
0.923125
0.931312
0.939562
0.947750
0.955750
0.963750
0.971562
0.979250
0.986625
0.993875
1.001250
1.008500
1.015875
1.022625
1.029688
1.036563
1.043813
1.175687
1.183500
1.192562
1.199375
1.207563
1.216000
1.355063
1.363438
1.371813
1.380437
1.389125
1.397875
1.406688
1.415563
1.424625
1.433625
1.442813
1.451938
1.461125
1.470187
1.479188
1.488125
1.497000
1.506000
1.514812
1.523688
1.532375
1.540938
1.549500
1.558062
1.566500
1.574688
1.583625
1.591438
1.599562
1.699625
1.709812
1.720938
1.731812
1.743375
1.754625
1.766312
1.778188
1.788687
1.800375
1.810812
