0.319562500
0.328875000
0.336875000
0.344875000
0.365875000
0.374875000
0.384750000
0.530625000
0.538750000
0.546375000
0.554500000
0.562500000
0.570750000
0.578625000
0.586375000
0.595000000
0.603375000
0.612437500
0.617500000
0.626750000
0.636000000
0.645687500
0.655312500
0.664750000
0.673937500
0.683750000
0.693875000
0.704875000
0.713562500
0.722250000
0.731750000
0.741125000
0.750125000
0.759000000
1.232875000
1.237875000
1.249000000
1.256875000
1.265000000
1.273500000
1.281500000
1.289750000
1.297875000
1.306875000
1.315500000
1.320875000
1.329500000
1.338375000
1.349750000
1.358750000
1.367500000
1.374875000
1.385500000
1.394875000
1.404000000
1.413750000
1.423000000
1.430187500
1.440625000
1.563750000
1.572750000
1.579625000
1.586625000
1.593625000
1.600750000
1.607250000
1.613750000
1.620500000
1.625937500
1.633562500
1.733250000
1.740750000
1.747875000
1.754875000
1.762125000
1.769750000
1.777125000
1.784750000
1.792750000
1.800250000
1.808500000
1.816875000
1.825625000
1.833750000
1.842500000
1.851125000
1.860125000
1.869125000
1.877875000
1.886500000
1.895375000
1.904625000
1.913500000
1.922312500
2.058000000
2.066875000
2.075125000
2.083125000
2.092000000
2.100000000
2.108750000
2.118000000
2.126625000
2.136125000
2.145750000
2.155125000
2.165312500
2.174500000
2.184500000
2.195500000
2.205750000
2.216000000
2.237125000
2.257375000
2.265000000
2.275437500
