0.255625000
0.264437500
0.273500000
0.282750000
0.292375000
0.302250000
0.314000000
0.370437500
0.378500000
0.387125000
0.395562500
0.403937500
0.412125000
0.420312500
0.428312500
0.436375000
0.444312500
0.452187500
0.460062500
0.467812500
0.475500000
0.483125000
0.490812500
0.498375000
0.505687500
0.513187500
0.520687500
0.528187500
0.535812500
0.543375000
0.551125000
0.558812500
0.566500000
0.574250000
0.581937500
0.589625000
0.597250000
0.604812500
0.612437500
0.620000000
0.627625000
0.635312500
0.643812500
0.739000000
0.746937500
0.754875000
0.762937500
0.771250000
0.779687500
0.788250000
0.796250000
0.805750000
0.814875000
0.823812500
0.833187500
0.842375000
0.851500000
0.860375000
0.869062500
0.878125000
0.886687500
0.895125000
0.903625000
0.912062500
0.920437500
0.928875000
0.937312500
0.945937500
0.954437500
0.963187500
0.971875000
0.980312500
0.989562500
0.998750000
1.008062500
1.017562500
1.027312500
1.037312500
1.047500000
1.057750000
1.067937500
1.078750000
1.088562500
1.099125000
1.109875000
1.119937500
1.130250000
1.140687500
1.151125000
1.161750000
1.172250000
1.182750000
1.193875000
1.204250000
1.213937500
1.224187500
1.233562500
1.242937500
1.253000000
1.260437500
1.270125000
1.295750000
1.305312500
1.314937500
1.324187500
1.333812500
1.343312500
1.352875000
1.362437500
1.371875000
1.381437500
1.390812500
1.400000000
1.409000000
1.418250000
1.427437500
1.436187500
1.445125000
1.628937500
1.638000000
1.647187500
1.656875000
1.668062500
1.837437500
1.847000000
1.856000000
1.865187500
1.874687500
1.884125000
1.893687500
1.903500000
1.913437500
1.923750000
1.934562500
1.944687500
1.954812500
1.964687500
1.974937500
1.984625000
1.995687500
2.005937500
