0.251187500
0.259125000
0.267312500
0.275312500
0.283250000
0.291812500
0.388562500
0.396750000
0.404687500
0.412625000
0.420687500
0.428750000
0.436875000
0.445062500
0.453125000
0.461875000
0.471187500
0.590000000
0.598687500
0.607125000
0.615625000
0.624000000
0.632187500
0.640312500
0.648312500
0.656125000
0.663500000
0.671125000
0.678937500
0.687062500
0.820750000
0.830062500
0.839437500
0.848625000
0.858187500
0.868125000
0.878687500
0.975312500
0.983562500
0.991500000
0.999312500
1.007125000
1.014812500
1.022312500
1.029750000
1.037000000
1.044062500
1.051000000
1.057937500
1.064625000
1.071500000
1.078937500
1.086312500
1.146437500
1.153875000
1.161062500
1.168375000
1.175625000
1.182875000
1.190250000
1.197562500
1.204937500
1.212312500
1.219750000
1.227750000
1.235375000
1.243062500
1.250875000
1.258375000
1.266437500
1.275125000
1.283375000
1.291812500
1.300312500
1.309500000
1.318812500
1.328375000
1.338125000
1.347937500
1.510437500
1.519312500
1.527937500
1.536562500
1.545312500
1.554312500
1.563750000
1.573625000
1.584062500
1.594312500
1.605812500
1.617000000
1.628500000
