0.241250
0.249062
0.257937
0.266813
0.275813
0.284875
0.293875
0.302688
0.311812
0.320688
0.329375
0.338250
0.347000
0.355938
0.364688
0.373125
0.381437
0.389437
0.397250
0.404875
0.412187
0.419375
0.426250
0.432812
0.439437
0.446250
0.452062
0.579625
0.587562
0.595562
0.603375
0.611313
0.619125
0.627000
0.634813
0.642813
0.650563
0.658438
0.666312
0.674250
0.682375
0.690500
0.698812
0.707187
0.715437
0.724000
0.732500
0.741188
0.750000
0.758687
0.767500
0.776250
0.784937
0.793625
0.802375
0.810937
0.819813
0.828500
0.837000
0.947375
0.956812
1.094062
1.102375
1.110500
1.118875
1.127438
1.136250
1.145438
1.154875
1.164438
1.174250
1.184313
1.194250
1.204125
1.671812
1.681375
1.691375
1.701313
1.711313
1.721313
1.731438
1.741500
1.751438
1.761438
1.771187
1.780875
1.790437
1.799938
1.809063
1.818437
1.827813
1.837000
1.994312
2.003063
2.011687
2.020750
2.029750
2.039063
2.042625
2.049250
2.052437
2.172813
2.181188
2.191125
2.201125
2.211813
2.368125
2.377000
2.385750
2.394750
2.403750
2.412875
2.422000
2.431250
2.440250
2.449250
2.458063
2.466438
2.475188
2.483125
2.491813
2.499500
2.508000
2.516062
2.524188
2.532750
2.541625
2.551312
2.561188
2.570937
2.580750
2.590375
2.600125
2.609812
2.619625
2.629313
2.638875
2.648500
2.658250
2.667937
2.677750
2.687562
2.697750
2.708063
2.718500
2.728937
2.739250
2.749938
2.761063
2.771562
2.782437
2.793813
