0.190625000
0.199812500
0.208437500
0.217875000
0.226875000
0.235937500
0.245000000
0.254062500
0.263062500
0.272437500
0.281875000
0.291250000
0.300562500
0.310312500
0.319812500
0.330000000
0.340062500
0.351000000
0.361187500
0.372187500
0.383312500
0.401500000
0.412187500
0.423000000
0.451375000
0.461250000
0.471000000
0.480250000
0.490250000
0.786437500
0.794500000
0.804250000
0.852437500
0.860937500
0.869375000
0.877812500
0.886375000
0.894875000
0.898187500
0.903812500
0.913125000
0.922562500
0.932437500
1.041812500
1.050125000
1.058187500
1.066562500
1.074875000
1.083187500
1.091625000
1.100062500
1.108562500
1.117187500
1.125875000
1.134625000
1.143500000
1.152312500
1.161250000
1.170125000
1.179187500
1.188250000
1.197437500
1.206687500
1.216000000
1.225187500
1.234375000
1.243750000
1.253062500
1.262687500
1.272625000
1.284625000
1.341812500
1.351062500
1.359875000
1.368687500
1.377375000
1.386187500
1.394687500
1.403000000
1.411312500
1.419187500
1.426937500
1.434437500
1.441812500
1.449062500
1.456250000
1.463125000
1.470437500
1.478187500
1.895750000
1.904375000
1.913812500
1.923187500
1.932687500
1.942187500
1.951875000
1.961687500
1.971187500
1.981437500
2.035187500
2.043687500
2.053062500
2.062562500
2.072187500
2.081875000
2.091937500
2.101500000
2.111687500
2.121625000
2.130687500
2.140500000
2.151125000
2.160125000
2.277750000
2.287375000
2.297875000
2.307250000
2.317937500
