0.288125000
0.296187500
0.303375000
0.311250000
0.318875000
0.326562500
0.334250000
0.341812500
0.349312500
0.356812500
0.364250000
0.371750000
0.379250000
0.386750000
0.394187500
0.401187500
0.408562500
0.416125000
0.424250000
0.432062500
0.440062500
0.448187500
0.456312500
0.464500000
0.472875000
0.481437500
0.490125000
0.499125000
0.508937500
0.518937500
0.546375000
0.554875000
0.563250000
0.571687500
0.580312500
0.588875000
0.597562500
0.606312500
0.615250000
0.624250000
0.633812500
0.643437500
0.799562500
0.807187500
0.814875000
0.822875000
0.830937500
0.839000000
0.847312500
0.855562500
0.864000000
0.872437500
0.881062500
0.889750000
0.898562500
0.907562500
0.916812500
0.926312500
0.936062500
0.946000000
0.956062500
0.966187500
0.976062500
0.986125000
0.996187500
1.006687500
1.018562500
1.214875000
1.222375000
1.229812500
1.237250000
1.244750000
1.252375000
1.260062500
1.267687500
1.275500000
1.283437500
1.291500000
1.299750000
1.308062500
1.316625000
1.325187500
1.333812500
1.342562500
1.351250000
1.359875000
1.368312500
1.376750000
1.385187500
1.393625000
1.402062500
1.410500000
1.418937500
1.427500000
1.436062500
1.444625000
1.453187500
1.461875000
1.470625000
1.479500000
1.488437500
1.497562500
1.506812500
1.516250000
1.525875000
1.535500000
1.545312500
1.555187500
1.565000000
1.575062500
1.584937500
1.595062500
1.605062500
1.615375000
1.625687500
1.636000000
1.646250000
1.656250000
1.666687500
1.676687500
1.687000000
1.697312500
1.707250000
1.716875000
1.726750000
1.736562500
1.746187500
1.756437500
1.766250000
1.776250000
1.786125000
1.796000000
1.805812500
1.815187500
1.824812500
1.834187500
1.843750000
1.853312500
1.862875000
1.872125000
1.881312500
1.890812500
1.900062500
1.910000000
1.921437500
1.930437500
1.940750000
1.951187500
1.961687500
1.972000000
1.981125000
2.039125000
2.049375000
