0.224625000	
0.233062500	
0.241625000	
0.250250000	
0.258812500	
0.267812500	
0.276937500	
0.286125000	
0.294812500	
0.303875000	
0.313062500	
0.322312500	
0.331937500	
0.341687500	
0.351375000	
0.361562500	
0.371437500	
0.381062500	
0.389437500	
0.399125000	
0.408062500	
0.418062500	
0.427750000	
0.436000000	
0.556062500	
0.564812500	
0.573437500	
0.581375000	
0.589875000	
0.598250000	
0.606250000	
0.614687500	
0.622500000	
0.630125000	
0.638250000	
0.646000000	
0.653750000	
0.660750000	
0.668437500	
0.675937500	
0.683250000	
0.690812500	
0.698687500	
0.706875000	
0.714125000	
0.722625000	
0.871125000	
0.879062500	
0.886812500	
0.894562500	
0.902312500	
0.909812500	
0.918125000	
0.926687500	
0.934375000	
0.941375000	
0.949375000	
0.956875000	
0.964875000	
0.972250000	
0.979750000	
0.986687500	
0.994187500	
1.001500000	
1.008500000	
1.015562500	
1.022375000	
1.030062500	
1.036750000	
1.043187500	
1.050187500	
1.056937500	
1.063687500	
1.070125000	
1.076687500	
1.083312500	
1.089937500	
1.096937500	
1.103437500	
1.109812500	
1.116687500	
1.123000000	
1.466687500	
1.475000000	
1.483250000	
1.491875000	
1.500312500	
1.508937500	
1.517125000	
1.525875000	
1.533875000	
1.542500000	
1.550562500	
1.559062500	
1.567437500	
1.575687500	
1.584500000	
1.593500000	
1.602687500	
1.612125000	
1.621187500	
1.630562500	
1.638750000	
1.657062500	
1.666562500	
1.723875000	
1.732562500	
1.741562500	
1.749937500	
1.758375000	
1.767125000	
1.775437500	
1.783875000	
1.792687500	
1.801187500	
1.809875000	
1.818437500	
1.827187500	
1.835562500	
1.844000000	
1.852500000	
1.860812500	
1.869187500	
1.877437500	
1.885625000	
1.893250000	
1.901000000	
1.908937500	
1.916937500	
1.924437500	
1.933562500	
1.940687500	
1.947875000	
1.955687500	
1.963625000	
1.971062500	
2.388625000	
2.397437500	
2.406312500	
2.415687500	
2.424750000	
2.433875000	
2.443187500	
2.452750000	
2.482000000	
2.491125000	
2.499437500	
2.507937500	
2.516312500	
2.524875000	
2.662750000	
2.670375000	
2.677750000	
2.686062500	
2.693625000	
2.701312500	
2.709812500	
2.717875000	
2.725562500	
2.828500000	
2.837812500	
2.847187500	
2.857125000	
2.867312500	
2.886250000	
2.897312500	
2.983312500	
2.993187500	
3.002812500	
3.012562500	
3.033125000	
