0.271687500	
0.280625000	
0.289687500	
0.298750000	
0.307187500	
0.316500000	
0.325125000	
0.333812500	
0.342875000	
0.351937500	
0.361500000	
0.370875000	
0.380062500	
0.389375000	
0.398437500	
0.408062500	
0.417250000	
0.426500000	
0.435812500	
0.445437500	
0.455312500	
0.563750000	
0.572812500	
0.580937500	
0.589312500	
0.597687500	
0.605500000	
0.613000000	
0.620562500	
0.627875000	
0.635625000	
0.642875000	
0.649562500	
0.762937500	
0.769562500	
0.775937500	
0.782375000	
0.787625000	
0.794625000	
0.802312500	
0.808937500	
0.815812500	
0.822875000	
0.943812500	
0.951937500	
0.960437500	
0.969000000	
0.977875000	
0.987312500	
0.995687500	
1.005062500	
1.013937500	
1.022937500	
1.032625000	
1.041875000	
1.050000000	
1.059687500	
1.068250000	
1.076812500	
1.277000000	
1.287062500	
1.296875000	
1.307125000	
1.405750000	
1.415812500	
1.425125000	
1.435687500	
1.446000000	
1.456625000	
1.467125000	
1.478312500	
1.489562500	
1.500875000	
1.511687500	
1.522500000	
1.533062500	
1.543125000	
1.553500000	
1.563875000	
1.573875000	
1.584000000	
1.594250000	
1.604562500	
1.614750000	
1.624875000	
1.634937500	
1.645062500	
1.654937500	
1.665062500	
1.674687500	
1.684062500	
1.693875000	
1.703375000	
1.712750000	
1.722375000	
1.731500000	
1.741000000	
1.750187500	
1.759500000	
1.769687500	
1.779375000	
1.832187500	
1.842812500	
1.853000000	
1.863625000	
1.874312500	
1.884875000	
1.894625000	
1.905062500	
1.915375000	
1.925812500	
1.936062500	
1.946187500	
1.956312500	
1.966375000	
1.976937500	
1.986937500	
1.996875000	
2.007375000	
2.017875000	
2.027687500	
2.037375000	
2.164562500	
2.174312500	
2.184125000	
2.193812500	
2.203812500	
2.213875000	
2.223750000	
2.234187500	
2.244062500	
2.254812500	
2.264750000	
2.434687500	
2.535437500	
2.547562500	
2.560187500	
