0.244750000
0.252312500
0.261625000
0.270875000
0.279812500
0.289062500
0.298187500
0.307000000
0.316250000
0.325562500
0.334937500
0.344312500
0.353625000
0.363562500
0.372375000
0.381687500
0.390875000
0.400250000
0.409000000
0.417750000
0.426000000
0.434062500
0.442000000
0.449687500
0.457187500
0.464562500
0.471875000
0.479125000
0.486437500
0.494062500
0.649625000
0.656687500
0.663875000
0.671312500
0.678875000
0.686750000
0.695062500
0.703562500
0.712312500
0.721250000
0.730500000
0.740125000
0.750375000
0.808812500
0.817187500
0.825500000
0.833750000
0.842062500
0.850375000
0.858687500
0.867000000
0.875375000
0.883687500
0.891937500
0.900125000
0.908312500
0.916375000
0.924500000
0.932562500
0.940625000
0.948625000
0.956625000
0.964625000
0.972687500
0.980812500
0.989125000
0.998062500
1.007312500
1.016625000
1.025937500
1.035312500
1.044812500
1.054437500
1.064250000
1.074375000
1.085000000
1.095562500
1.106375000
1.117375000
1.128250000
1.138875000
1.149937500
1.160750000
1.172000000
1.182875000
1.194000000
1.204687500
1.214875000
1.234187500
1.244187500
1.505812500
1.513625000
1.522875000
1.532062500
1.541437500
1.551000000
1.560500000
1.569812500
1.580562500
1.703187500
1.712312500
1.721875000
1.731625000
1.741500000
1.751437500
1.761875000
1.773250000
1.784687500
1.828375000
1.838000000
1.847312500
1.856625000
1.866000000
1.875312500
1.884625000
1.893937500
1.903125000
1.912375000
1.921500000
1.930437500
1.939437500
1.948437500
1.957312500
1.966062500
1.974875000
1.983625000
1.992375000
2.001125000
2.009875000
2.018812500
2.027937500
2.037187500
2.046750000
2.056437500
2.067125000
2.105062500
2.113562500
2.122312500
2.131000000
2.139562500
2.148250000
2.156875000
2.165625000
2.174250000
2.183062500
2.191750000
2.200687500
2.210000000
2.219750000
2.229687500
2.239750000
2.249875000
2.260000000
2.270375000
2.280875000
2.291875000
2.302687500
2.314000000
2.325250000
2.336687500
2.348562500
2.359625000
2.370687500
2.381500000
2.392437500
2.403500000
