0.413687
0.422375
0.431937
0.441125
0.517938
0.525625
0.534563
0.543625
0.552875
0.562312
0.571562
0.581000
0.584625
0.590313
0.599063
0.608250
0.615750
0.623563
0.725375
0.731750
0.740062
0.747687
0.755250
0.762813
0.769938
0.777563
0.785375
0.793188
0.801125
0.808875
0.816562
0.824125
0.831500
0.838625
0.845750
0.852750
0.859750
0.866750
0.873687
0.880687
0.887687
0.894750
0.901813
0.908937
0.916063
0.923250
0.930500
0.937750
0.945125
0.952625
0.960187
0.967938
0.975812
0.983750
0.991750
0.999625
1.007438
1.015187
1.022938
1.030563
1.038313
1.045938
1.053688
1.061375
1.069063
1.076875
1.084625
1.092937
1.100750
1.110625
1.119312
1.128000
1.136688
1.144187
1.153188
1.161313
1.169437
1.177625
1.185875
1.194250
1.202625
1.211125
1.219750
1.228625
1.237813
1.247313
1.256063
1.265500
1.274812
1.284188
1.293688
1.303313
1.313813
1.322812
1.464250
1.472375
1.480125
1.488438
1.496750
1.505063
1.513187
1.521250
1.529313
1.538250
1.545313
1.554125
1.561563
1.571063
1.674375
1.682813
1.692313
1.702250
1.712188
1.722375
1.732563
1.742625
1.752813
1.763187
1.773313
1.783562
1.795375
1.805563
1.815563
1.825875
1.834188
1.844250
1.854250
1.864063
1.874250
1.884187
1.894250
1.903938
1.914187
1.923812
1.934125
1.943625
1.955125
1.963437
1.975125
1.985188
1.995250
2.005000
2.012750
2.022375
2.032062
2.041437
2.050688
2.059813
2.068875
2.077938
2.087188
2.096438
2.105812
2.115188
2.124750
2.134438
2.144312
2.154313
2.164500
2.174812
2.185000
2.195438
2.206875
2.218062
2.582875
2.599438
2.608750
2.618250
2.627625
2.637125
2.646812
2.656563
2.666437
2.676438
2.686375
2.696312
2.706188
2.716000
2.725813
2.735375
2.744750
2.754188
2.763562
2.772875
2.782125
2.791375
2.800500
2.809500
2.818938
2.828688
2.839938
2.849937
2.882063
2.890188
2.899688
2.909125
2.918500
2.927812
2.937313
2.946813
2.956188
2.965750
2.975000
2.984313
2.993562
3.002813
3.012000
3.021250
3.030375
3.039625
3.048625
3.057812
3.067188
3.076250
3.085688
3.095000
3.104438
3.114000
3.123562
3.133188
3.142937
3.152625
3.162500
3.172250
3.182125
3.192000
3.202000
3.211875
3.221938
3.232063
3.242375
3.252688
3.263125
3.273938
3.284688
3.295812
3.307250
3.318563
3.330125
3.341875
3.352813
3.364250
3.374750
