0.360063
0.367437
0.375437
0.384125
0.391313
0.399125
0.406750
0.414250
0.421563
0.429000
0.436000
0.442500
0.449437
0.456313
0.463187
0.470062
0.477312
0.484125
0.490938
0.497750
0.504563
0.511500
0.518500
0.525625
0.532875
0.540312
0.547875
0.555625
0.563063
0.571125
0.586187
0.593437
0.600563
0.607812
0.615062
0.622313
0.629563
0.636875
0.644188
0.651563
0.659000
0.666000
0.673625
0.681375
0.689187
0.697187
0.705375
0.713688
0.722250
0.730875
0.739625
0.748437
0.757250
0.765938
0.774500
0.782937
0.791438
0.799937
0.808375
0.817500
0.825937
0.834438
0.842938
0.851563
0.860187
0.868938
0.877750
0.886875
0.896062
0.905375
0.915125
0.924937
0.934937
0.945000
0.955313
0.965750
0.975187
0.985812
0.996625
1.009313
1.019750
1.028750
1.039187
1.049438
1.059750
1.070750
1.082188
1.166500
1.174688
1.184125
1.193688
1.203000
1.212438
1.221875
1.231062
1.240500
1.249813
1.259063
1.268250
1.277438
1.286563
1.295438
1.304437
1.313250
1.322437
1.332188
1.343375
1.412875
1.421875
1.432000
1.441812
1.452875
1.462375
1.471750
1.601063
1.609500
1.618875
1.628375
1.637750
1.647250
1.656688
1.665875
1.675688
1.854625
1.864750
1.883812
1.902813
1.922063
