0.294187
0.302375
0.310312
0.318188
0.326000
0.333813
0.341625
0.349375
0.357063
0.364688
0.372188
0.379563
0.387625
0.394750
0.400687
0.408438
0.416063
0.423500
0.430937
0.438312
0.445688
0.453188
0.460688
0.468375
0.476125
0.484438
0.614250
0.622500
0.630938
0.639563
0.648375
0.657250
0.666188
0.675063
0.684063
0.693063
0.702063
0.711063
0.720187
0.729375
0.738875
0.748625
0.758625
0.770500
0.810250
0.818250
0.827375
0.836625
0.845938
0.855313
0.864688
0.874062
0.883312
0.892687
0.901937
0.911188
0.920250
0.929312
0.938312
0.947313
0.956187
0.965063
0.973938
0.982750
0.991563
1.000375
1.009187
1.018000
1.026812
1.035688
1.044563
1.053563
1.062625
1.072125
1.082875
1.183062
1.192750
1.202375
1.212063
1.221813
1.231750
1.241937
1.252813
1.383000
1.391500
1.399688
1.408063
1.416500
1.425125
1.434000
1.443500
1.455250
1.465250
1.472938
1.482312
1.492000
1.501625
1.511313
1.521187
1.531313
1.541625
1.552125
1.563125
1.573500
1.584938
1.595813
1.606250
1.617750
1.628375
1.639750
1.650187
1.662187
2.040375
2.049375
2.058063
2.066875
2.075687
2.084437
2.093188
2.102000
2.110813
2.119687
2.128750
2.138750
2.218500
2.227688
2.237375
2.248187
2.310812
2.319375
2.329188
2.339125
2.349438
2.359750
2.369813
2.379812
2.389125
2.398813
2.408437
2.417562
2.426563
2.435250
2.443750
2.452375
2.461313
2.470250
2.479500
2.488938
2.498125
2.507250
2.516250
2.525063
2.533938
2.542875
2.551625
2.560313
2.568938
2.577625
2.586187
2.595000
2.603438
2.611813
2.620125
2.628438
2.636750
2.645000
2.652813
2.660938
2.669250
2.677563
2.686062
2.694500
2.703000
2.711625
2.720375
2.729375
2.738062
2.747000
2.755937
2.765000
2.773938
2.782938
2.792000
2.801063
2.810125
2.819062
2.828250
2.837563
2.846750
2.856187
2.865375
2.874875
2.884375
2.893875
2.903750
2.913750
2.924000
2.934438
2.945125
2.955750
2.966750
2.977875
2.981125
2.989500
3.000375
3.003563
3.011938
3.023625
3.034937
3.046125
3.057375
3.068687
3.079875
3.092125
3.103750
3.116000
