0.302437500
0.311875000
0.319875000
0.327750000
0.335562500
0.343937500
0.352562500
0.361250000
0.370000000
0.378812500
0.387500000
0.396125000
0.404812500
0.413687500
0.422125000
0.432562500
0.440250000
0.443687500
0.450687500
0.665375000
0.672250000
0.679125000
0.685500000
0.692250000
0.698437500
0.705125000
0.711875000
0.718375000
0.723875000
0.730625000
0.737312500
0.745437500
0.752250000
0.758937500
0.766687500
0.773437500
0.780625000
0.788062500
0.796437500
0.804125000
0.812375000
0.827125000
0.835125000
0.842750000
0.849750000
0.857250000
0.864687500
0.869875000
0.879375000
0.887562500
0.894562500
0.902312500
0.909312500
0.916437500
0.923312500
0.930437500
0.937875000
1.035625000
1.043125000
1.051000000
1.058625000
1.066375000
1.074187500
1.081812500
1.090187500
1.257125000
1.265000000
1.272750000
1.280312500
1.288500000
1.297062500
1.305625000
1.314625000
1.324437500
1.333312500
1.342812500
1.353750000
1.364625000
1.373125000
1.382625000
1.389437500
1.392625000
1.923500000
1.931875000
1.940562500
1.949687500
1.958562500
1.968000000
1.977562500
1.987000000
1.996500000
2.006562500
2.016875000
2.026375000
2.036250000
2.046312500
2.055062500
2.064562500
2.074750000
2.084375000
2.095062500
2.104437500
2.114875000
2.123937500
2.135812500
2.147312500
2.158562500
2.169250000
2.179312500
2.189687500
2.201250000
2.209937500
2.219625000
2.230062500
2.240250000
2.248687500
2.257750000
2.269000000
2.277687500
2.286937500
2.296375000
2.305625000
2.315187500
2.324062500
2.332750000
2.341562500
2.350312500
2.359062500
2.367625000
2.376062500
2.384375000
2.392250000
2.400812500
2.408937500
2.416875000
2.426562500
2.432562500
2.441312500
2.450625000
2.459500000
2.513250000
2.524750000
2.532812500
2.542062500
2.552500000
2.561375000
2.570375000
2.579000000
2.588062500
2.596687500
2.605437500
2.614937500
2.624250000
2.630562500
2.641937500
2.651250000
2.660625000
2.670000000
2.680500000
2.690750000
2.700750000
2.710875000
2.720875000
2.729875000
2.739437500
2.748875000
2.757562500
2.766750000
2.775875000
2.784937500
2.794250000
2.803187500
2.812437500
2.821250000
2.830125000
2.839187500
2.848375000
2.858312500
2.865562500
2.874500000
2.877687500
2.885562500
2.919875000
2.930812500
2.940375000
2.948937500
2.958562500
2.968625000
2.978125000
2.988812500
2.999187500
3.009062500
3.019375000
3.030625000
3.039437500
3.052562500
3.063312500
3.074500000
3.085500000
3.096812500
3.106562500
3.115750000
3.125250000
3.135125000
3.143625000
3.152750000
