0.351250000
0.359000000
0.366625000
0.374312500
0.382062500
0.390000000
0.398000000
0.406062500
0.414375000
0.422625000
0.431062500
0.439625000
0.448187500
0.456687500
0.465250000
0.473687500
0.482187500
0.490812500
0.499250000
0.507437500
0.515687500
0.524000000
0.532375000
0.540750000
0.549000000
0.557375000
0.565437500
0.573375000
0.581437500
0.589312500
0.597250000
0.605250000
0.613250000
0.621312500
0.629375000
0.637625000
0.646000000
0.654687500
0.663625000
0.673250000
0.683312500
0.693625000
0.703875000
0.714562500
0.724937500
0.735500000
0.746187500
0.756000000
0.765750000
0.775375000
0.786187500
1.168750000
1.177375000
1.186250000
1.195062500
1.204125000
1.213375000
1.222937500
1.232562500
1.242437500
1.252812500
1.263437500
1.272812500
1.282750000
1.292375000
1.301500000
1.311000000
1.319937500
1.326437500
1.347000000
1.356687500
1.366312500
1.375375000
1.391250000
1.399437500
1.409187500
1.418625000
1.427437500
1.437000000
1.446062500
1.454750000
1.463500000
1.471937500
1.480312500
1.488625000
1.496937500
1.505062500
1.513187500
1.521562500
1.530625000
1.541437500
1.551250000
1.580312500
1.658187500
1.667062500
1.675687500
1.684625000
1.693625000
1.702812500
1.712000000
1.721187500
1.730625000
1.740625000
1.899625000
1.908312500
1.917125000
1.926125000
1.935000000
1.943625000
1.952625000
1.961312500
1.970062500
1.978750000
1.987375000
1.996000000
2.004625000
2.012937500
2.021562500
2.030187500
2.204125000
2.212812500
2.221812500
2.231437500
2.241000000
2.250812500
2.260250000
2.270062500
2.279687500
2.289812500
2.300000000
2.310125000
2.319875000
2.329812500
2.340812500
2.352937500
2.363312500
2.373250000
2.382000000
2.391750000
2.401250000
2.410562500
2.419812500
2.429187500
2.438375000
2.447812500
2.457250000
2.466687500
2.476187500
2.485937500
2.495750000
2.505812500
2.515937500
2.526062500
2.536062500
2.546562500
2.556562500
2.567062500
2.577562500
2.588187500
