0.265562500
0.272625000
0.279750000
0.287000000
0.294125000
0.301250000
0.308375000
0.315437500
0.322437500
0.329312500
0.336125000
0.342937500
0.349625000
0.356375000
0.363125000
0.370062500
0.376812500
0.383625000
0.390500000
0.397375000
0.404375000
0.411437500
0.418625000
0.426000000
0.433500000
0.441187500
0.448750000
0.456500000
0.464312500
0.472125000
0.480062500
0.488125000
0.496687500
0.505187500
0.513625000
0.523500000
0.532687500
0.541187500
0.549187500
0.557312500
0.566125000
0.574875000
0.583625000
0.592500000
0.601375000
0.610500000
0.620312500
0.804250000
0.812062500
0.819875000
0.827625000
0.835375000
0.843125000
0.850937500
0.858687500
0.866312500
0.874000000
0.881625000
0.889250000
0.896812500
0.904312500
0.911875000
0.919437500
0.927000000
0.934625000
0.942187500
0.949937500
0.957562500
0.965187500
0.972875000
0.980437500
0.988062500
0.995625000
1.003187500
1.010250000
1.017812500
1.025375000
1.032937500
1.040562500
1.048062500
1.055562500
1.062937500
1.070562500
1.077375000
1.084937500
1.091250000
1.098437500
1.115000000
1.179625000
1.187375000
1.195437500
1.204437500
1.213437500
1.222562500
1.231812500
1.242437500
1.253437500
1.264125000
1.354687500
1.363937500
1.373000000
1.382250000
1.391687500
1.400937500
1.410875000
1.421562500
1.433812500
1.485687500
1.494187500
1.503312500
1.512250000
1.521187500
1.530062500
1.538875000
1.547750000
1.556562500
1.565250000
1.573875000
1.582187500
1.590562500
1.598937500
1.607562500
1.756062500
1.765375000
1.775625000
1.784500000
1.794187500
1.804875000
1.815500000
1.826875000
1.838312500
1.996312500
2.005875000
2.016062500
2.026125000
2.036062500
2.045812500
2.055937500
2.065750000
2.075437500
2.085937500
2.096625000
2.162062500
2.171750000
2.181625000
2.191187500
2.200437500
2.210062500
2.219875000
2.230125000
2.355125000
2.364250000
2.374125000
2.383937500
2.393750000
2.403562500
2.413375000
2.423500000
2.433875000
2.444062500
2.454187500
2.464437500
2.473437500
2.484312500
2.494562500
2.504812500
2.515250000
2.525875000
2.536750000
2.546625000
2.558125000
2.567687500
2.578437500
2.588875000
2.600000000
2.610937500
2.621375000
2.632125000
