0.506813
0.514875
0.522813
0.531000
0.539375
0.547875
0.556562
0.565313
0.574250
0.583250
0.592313
0.601250
0.610187
0.619062
0.627938
0.636687
0.645563
0.654375
0.663250
0.672188
0.681187
0.690187
0.699125
0.708250
0.717938
0.729625
0.779625
0.788375
0.797750
0.807375
0.816937
0.826688
0.836500
0.846437
0.856187
0.970375
0.978750
0.986750
0.994437
1.001937
1.009375
1.016625
1.023813
1.030688
1.037562
1.044688
1.052062
1.059563
1.067125
1.074750
1.082750
1.257250
1.265125
1.272500
1.280125
1.287750
1.295500
1.303250
1.311000
1.318812
1.326563
1.334375
1.342250
1.350250
1.358438
1.367063
1.376000
1.437188
1.446625
1.456063
1.465625
1.475375
1.485188
1.495000
1.505000
1.514875
1.524812
1.534750
1.544500
1.554688
1.565250
1.575687
1.585813
1.595875
1.605687
1.615563
1.625563
1.635500
1.645500
1.655375
1.665375
1.676813
1.686375
1.716938
1.727188
1.737438
1.747375
1.757313
1.767313
1.779313
1.892937
1.902750
1.912688
1.923500
2.023375
2.031875
2.041187
2.050500
2.059750
2.069000
2.078313
2.087563
2.096938
2.106313
2.115687
2.125000
2.134063
2.143500
2.152938
2.162250
2.171937
2.181938
2.191937
2.202375
2.212813
2.223375
2.234125
2.244875
2.255937
2.267000
2.278313
2.289563
2.300875
2.312187
2.323563
2.335250
2.346500
2.357438
2.368625
2.379437
2.774812
2.783812
2.792813
2.802375
2.812187
2.822437
2.832750
2.843313
2.854062
2.864438
2.874625
2.884187
2.893688
2.903188
2.912688
2.922063
2.931938
2.940938
2.950687
2.959875
2.969000
2.978125
2.987188
2.996250
3.005375
3.014500
3.023875
3.033375
3.042750
3.052250
3.061875
3.071687
3.082813
3.092438
3.271000
3.280063
3.289250
3.298437
3.307750
3.316813
3.325875
3.334875
3.343750
3.352500
3.361188
3.369813
3.378375
3.386875
3.395375
3.403750
3.412187
3.420688
3.430250
3.546750
3.555375
3.563938
3.572687
3.579750
3.586813
3.749250
3.757875
3.767375
3.776813
3.786563
3.796625
3.806750
3.817063
3.827750
3.838312
3.848875
3.859000
3.869125
3.878938
3.888625
3.899125
3.907250
3.916562
3.925875
3.935188
3.944625
3.954188
3.963938
3.973937
3.982625
3.990438
3.993625
4.002063
