0.316125
0.324375
0.332813
0.341313
0.350125
0.359000
0.368063
0.377250
0.386313
0.395188
0.404000
0.412500
0.420938
0.429250
0.437188
0.445000
0.452500
0.459688
0.466750
0.473563
0.480375
0.487063
0.493750
0.500375
0.507000
0.513563
0.520188
0.526813
0.533438
0.540188
0.547250
0.554375
0.561750
0.569500
0.578125
0.586000
0.594000
0.601625
0.609437
0.666750
0.674063
0.681438
0.688813
0.696375
0.704063
0.711875
0.719938
0.728062
0.736375
0.744750
0.753188
0.761437
0.770000
0.778500
0.787188
0.795438
0.803625
0.811625
0.819500
0.827562
0.835625
0.843812
0.852000
0.860250
0.868437
0.876750
0.885062
0.893500
0.902000
0.910563
0.919438
0.928562
0.937875
0.947375
0.957125
0.967125
0.977313
0.987812
0.998437
1.009250
1.020000
1.030812
1.044500
1.238125
1.247375
1.256312
1.265125
1.274063
1.282938
1.291875
1.300812
1.309813
1.318875
1.327938
1.336875
1.345500
1.354125
1.362625
1.370937
1.376937
1.380125
1.388125
1.476250
1.484750
1.493500
1.502188
1.510875
1.519438
1.527937
1.536313
1.544688
1.553125
1.561563
1.570250
1.579000
1.588000
1.597188
1.606500
1.616063
1.625813
1.635688
1.645688
1.656000
1.666250
1.808000
1.817000
1.826375
1.835625
1.844813
1.854250
1.863813
1.873312
1.882937
1.892813
1.902625
1.912375
1.922313
1.932187
1.942125
1.951938
1.962063
1.973062
2.158313
2.167813
2.177437
2.187187
2.197000
2.207000
2.217000
2.227000
2.237188
2.247500
2.258125
2.268562
2.279750
2.290437
2.301625
2.312500
2.323437
2.334813
2.347250
2.358438
2.369813
