0.270562
0.279250
0.288187
0.297187
0.306688
0.316437
0.326188
0.423938
0.432500
0.440750
0.448562
0.456250
0.463813
0.470875
0.478125
0.485375
0.492500
0.499625
0.507125
0.514188
0.671375
0.678875
0.686500
0.694313
0.702375
0.710750
0.719375
0.728187
0.737313
0.746500
0.755938
0.765500
0.775062
0.784438
0.793813
0.803063
0.812187
0.821187
0.830000
0.838812
0.847625
0.856437
0.865188
0.873938
0.882750
0.891500
0.900375
0.909125
0.917813
0.926500
0.935250
0.943688
1.076625
1.085563
1.095000
1.104438
1.114125
1.124000
1.133938
1.144063
1.154000
1.163750
1.175062
1.305250
1.314563
1.323625
1.333000
1.342500
1.351813
1.361438
1.370813
1.380125
1.389625
1.398937
1.408250
1.417000
1.426250
1.435437
1.584000
1.594688
1.605375
