0.250937
0.258937
0.266813
0.274687
0.282625
0.290563
0.298500
0.306250
0.314375
0.322437
0.330625
0.338687
0.347250
0.355812
0.364375
0.372812
0.381188
0.389437
0.397625
0.405813
0.413938
0.422563
0.430750
0.438875
0.447000
0.455188
0.463313
0.471563
0.479812
0.488000
0.496312
0.504563
0.513000
0.521500
0.530875
0.541562
0.549750
0.558625
0.567688
0.576625
0.585812
0.595063
0.607000
0.706938
0.715437
0.724500
0.733313
0.742625
0.894188
0.902563
0.910750
0.918937
0.927188
0.935312
0.943500
0.951625
0.959688
0.967750
0.975750
0.983750
0.991625
0.999375
1.007250
1.015000
1.022688
1.030188
1.037688
1.045187
1.052500
1.059875
1.067313
1.074938
1.082750
1.090750
1.098875
1.107125
1.116000
1.167812
1.175875
1.184625
1.193437
1.202500
1.211563
1.220687
1.229937
1.239438
1.249250
1.487500
1.496250
1.505063
1.513875
1.523187
1.532500
1.541688
1.550875
1.560188
1.569500
1.578875
1.588375
1.597938
1.607687
1.617625
1.627500
1.637625
1.647875
1.658125
1.668625
1.678813
1.689750
1.699938
1.710438
1.721188
1.731875
1.742250
1.752813
1.763688
