0.282687500
0.290250000
0.298187500
0.306562500
0.309750000
0.314437500
0.322625000
0.330750000
0.338500000
0.346500000
0.354437500
0.362375000
0.370250000
0.378125000
0.386000000
0.393875000
0.401312500
0.409375000
0.417437500
0.425500000
0.433750000
0.442375000
0.451125000
0.460125000
0.469437500
0.479750000
0.490250000
0.517187500
0.524625000
0.532437500
0.540000000
0.547687500
0.555187500
0.562687500
0.570000000
0.577312500
0.584500000
0.591687500
0.598812500
0.605875000
0.612937500
0.619937500
0.626937500
0.633875000
0.640812500
0.647875000
0.654937500
0.662125000
0.669750000
0.677687500
0.686625000
0.756500000
0.766187500
0.776312500
0.786500000
0.797000000
0.800437500
0.807562500
0.817875000
0.828812500
0.850312500
0.860312500
0.871750000
0.882000000
0.885187500
0.894062500
0.905000000
1.226125000
1.234875000
1.243625000
1.252812500
1.262062500
1.271375000
1.280687500
1.290000000
1.299312500
1.308625000
1.318000000
1.327375000
1.336812500
1.346312500
1.355812500
1.365375000
1.374937500
1.384500000
1.393875000
1.403437500
1.413250000
1.422687500
1.432187500
1.441687500
1.450875000
1.459875000
1.468750000
1.477187500
1.485437500
1.493687500
1.501937500
1.510125000
1.518125000
1.526000000
1.533750000
1.541125000
1.548687500
1.556250000
1.564062500
1.572687500
1.692937500
1.700812500
1.708812500
1.716750000
1.724812500
1.733000000
1.741250000
1.749687500
1.758000000
1.766312500
1.774625000
1.783062500
1.791562500
1.799937500
1.808625000
1.817375000
1.826125000
1.834937500
1.843812500
1.852750000
1.861687500
1.870562500
1.879625000
1.888500000
1.897562500
1.906562500
1.915625000
1.924312500
1.933687500
1.942937500
1.952312500
1.961625000
1.971312500
1.980750000
1.991812500
2.002062500
2.055187500
2.063000000
2.071125000
2.080187500
2.089187500
2.098000000
2.106937500
2.115937500
2.125000000
2.134062500
2.143000000
2.152500000
2.161625000
2.171000000
2.180875000
2.190625000
2.200500000
2.210375000
2.220187500
2.230750000
2.241062500
2.250750000
2.260625000
2.270500000
2.280312500
2.289375000
2.298250000
2.307062500
2.315687500
2.323937500
2.332687500
2.341312500
2.350187500
2.361000000
2.370062500
2.380187500
2.497750000
2.507000000
2.515812500
2.524750000
2.533562500
2.542562500
2.551687500
2.555000000
2.562062500
2.706500000
2.715500000
2.724437500
2.733437500
2.742437500
2.751625000
2.760875000
2.770125000
2.779562500
2.789062500
2.798500000
2.808187500
2.817812500
2.827562500
2.837187500
2.840625000
2.846875000
2.850187500
2.856562500
2.866250000
2.875937500
2.885625000
2.895312500
2.905125000
2.915000000
2.924937500
2.934937500
2.945187500
2.955437500
2.965437500
2.976187500
2.985687500
2.996500000
3.007187500
3.018000000
3.028250000
3.039062500
3.049562500
3.060937500
