0.382000
0.389062
0.396062
0.402938
0.409625
0.416500
0.423312
0.430125
0.437000
0.444063
0.451313
0.459250
0.532937
0.539562
0.546687
0.553188
0.560562
0.567250
0.574625
0.582625
0.590187
0.598313
0.606500
0.614750
0.622938
0.630750
0.638500
0.646250
0.654125
0.662000
0.670000
0.678063
0.686375
0.694750
0.703375
0.712187
0.721375
0.731000
0.741000
0.751875
0.792000
0.799625
0.808187
0.816562
0.825063
0.833500
0.841938
0.850750
0.858563
0.866125
0.874375
1.053187
1.062750
1.071938
1.081875
1.091938
1.101938
1.112438
1.122500
1.133125
1.143500
1.153688
1.164562
1.175750
1.186438
1.197062
1.207563
1.217937
1.228250
1.237500
1.247125
1.256563
1.265187
1.275625
1.285688
1.295000
1.305250
1.443250
1.451813
1.460438
1.469250
1.477688
1.486188
1.494250
1.629563
1.638250
1.646562
1.655125
1.663812
1.672688
1.681375
1.690313
1.699563
1.709313
1.718375
1.727875
1.737500
1.746938
1.756813
1.766750
1.776750
1.787000
1.796938
1.807063
1.817313
1.827625
1.838188
1.849563
1.861687
1.882875
1.891500
1.901125
1.910625
1.920438
1.929875
1.939500
1.949062
1.958438
1.967875
1.977000
1.986438
1.995625
2.005562
