0.299062500
0.306750000
0.310062500
0.314750000
0.322937500
0.331250000
0.339750000
0.349000000
0.357750000
0.366750000
0.413500000
0.422625000
0.431562500
0.440375000
0.449750000
0.457375000
0.465812500
0.474250000
0.482750000
0.491375000
0.500187500
0.509562500
0.519062500
0.528562500
0.537875000
0.547000000
0.556125000
0.565437500
0.568750000
0.574812500
0.584625000
0.594562500
0.604875000
0.615562500
0.626875000
0.702125000
0.708750000
0.716750000
0.724375000
0.731875000
0.739250000
0.746562500
0.753750000
0.760875000
0.768000000
0.775062500
0.782125000
0.789125000
0.796187500
0.803375000
0.810625000
0.817812500
0.825000000
0.832250000
0.839562500
0.846875000
0.854312500
0.861875000
0.869500000
0.877500000
0.886437500
0.894125000
1.021500000
1.028875000
1.036187500
1.043437500
1.050750000
1.058000000
1.065375000
1.072625000
1.079875000
1.087125000
1.094312500
1.102250000
1.109500000
1.116875000
1.124375000
1.204750000
1.212500000
1.220187500
1.227875000
1.234562500
1.242125000
1.249750000
1.257312500
1.265062500
1.272812500
1.280625000
1.288500000
1.296312500
1.304125000
1.311937500
1.319875000
1.328000000
1.336062500
1.344500000
1.353125000
1.362187500
1.372500000
1.382000000
1.392000000
1.445437500
1.453875000
1.462250000
1.470625000
1.479250000
1.487500000
1.495812500
1.504187500
1.512687500
1.521312500
1.530062500
1.539125000
1.548312500
1.557812500
1.567187500
1.570750000
1.577312500
1.587625000
1.598562500
1.609437500
1.620812500
1.632187500
1.643750000
1.655562500
1.667125000
1.679000000
1.690437500
1.702000000
1.714625000
1.724875000
1.736000000
1.746750000
1.835000000
1.844750000
1.854937500
1.865187500
1.875125000
1.884750000
1.891437500
1.894625000
1.903437500
1.913187500
1.929062500
1.937500000
1.945750000
1.954750000
1.963812500
1.973250000
1.990125000
1.999375000
2.008687500
2.018000000
2.027312500
2.036750000
2.046187500
2.055625000
2.064812500
2.074562500
2.078000000
2.084375000
2.094437500
2.104375000
2.114000000
2.123312500
2.132437500
2.141687500
2.151125000
2.160687500
2.170312500
2.180000000
2.189625000
2.199625000
2.209812500
2.219875000
2.229937500
2.239625000
2.249062500
2.258187500
2.267125000
2.276062500
2.284937500
2.293812500
2.302750000
2.311750000
2.320812500
2.330062500
2.339625000
2.349312500
2.358875000
2.368687500
2.378562500
2.388875000
2.399437500
2.410125000
2.420625000
2.431937500
2.443062500
2.454375000
2.465187500
2.477062500
2.486437500
2.497937500
2.507375000
2.518750000
