0.268125
0.276500
0.284563
0.293063
0.301250
0.309500
0.317813
0.326125
0.334313
0.342438
0.350813
0.359125
0.367375
0.375125
0.382937
0.390875
0.398625
0.406125
0.413563
0.421187
0.428875
0.436750
0.444813
0.453313
0.462313
0.472625
0.482063
0.571688
0.580375
0.589000
0.597688
0.606375
0.615375
0.624250
0.633312
0.642375
0.651625
0.660875
0.670188
0.679438
0.682750
0.688813
0.698688
0.752250
0.760312
0.768250
0.776062
0.783875
0.791562
0.799250
0.806750
0.814187
0.821812
0.829688
0.837625
0.845625
0.853563
0.861500
0.869625
0.878938
0.887312
0.902687
0.909125
0.916562
0.924125
0.931750
0.939438
0.947187
0.955000
0.962750
0.970500
0.978187
0.986125
0.994188
1.002250
1.010500
1.019000
1.028437
1.037875
1.105188
1.112438
1.120875
1.129438
1.137938
1.146500
1.155188
1.163750
1.172375
1.181000
1.189313
1.197875
1.206250
1.213437
1.303125
1.400375
1.410500
1.420000
1.430000
1.440125
1.450438
1.460875
1.471188
1.482000
1.493125
1.504625
1.515125
1.526125
1.537313
1.548188
1.559438
1.570500
