0.289000000
0.296062500
0.303187500
0.310375000
0.317687500
0.325187500
0.333000000
0.426500000
0.434687500
0.442250000
0.450312500
0.458125000
0.468562500
0.674062500
0.681625000
0.688937500
0.695625000
0.702875000
0.710062500
0.717250000
0.724375000
0.731500000
0.738625000
0.745750000
0.752812500
0.759875000
0.766875000
0.773937500
0.780937500
0.788000000
0.795125000
0.802312500
0.809562500
0.816875000
0.824250000
0.831812500
0.839437500
0.847250000
0.855125000
0.863250000
0.871500000
0.874750000
0.879937500
0.888375000
0.896375000
0.905062500
0.912687500
0.919875000
0.926812500
0.934062500
0.941375000
0.948812500
0.956375000
0.963812500
0.971125000
0.978375000
0.987812500
0.994500000
1.003750000
1.012875000
1.022437500
1.031312500
1.040437500
1.049812500
1.059187500
1.068562500
1.077937500
1.087000000
1.096187500
1.105250000
1.113687500
1.122562500
1.131312500
1.139937500
1.148375000
1.156562500
1.164437500
1.172437500
1.180312500
1.188062500
1.195750000
1.203500000
1.211125000
1.218812500
1.226812500
1.234750000
1.430312500
1.438000000
1.445812500
1.453750000
1.461875000
1.470125000
1.478562500
1.487125000
1.496062500
1.505187500
1.514625000
1.524375000
1.534312500
1.544937500
1.555687500
1.566250000
1.578250000
1.588187500
1.600937500
1.610437500
1.623187500
1.633937500
1.653375000
1.677750000
1.686125000
1.694562500
1.703000000
1.712375000
1.728312500
1.738250000
1.748625000
1.758000000
1.767562500
1.777187500
1.787125000
1.797187500
1.807625000
1.818375000
1.829312500
1.838187500
1.841375000
1.848062500
1.858000000
1.868187500
1.877875000
1.887750000
1.897812500
1.908000000
1.918187500
1.928187500
1.938375000
1.948500000
1.958375000
1.968312500
1.978125000
1.988062500
1.997937500
2.008250000
2.018062500
2.028000000
2.037875000
2.047812500
2.057687500
2.067687500
2.077625000
2.087625000
2.097750000
2.108000000
2.118187500
2.129062500
2.139625000
2.150562500
2.161937500
2.172937500
2.185062500
2.195812500
2.206562500
2.218750000
2.229625000
2.241937500
2.251750000
