0.257375000
0.264437500
0.273125000
0.281562500
0.289375000
0.297500000
0.305062500
0.312562500
0.319812500
0.326937500
0.333937500
0.341000000
0.347812500
0.354687500
0.361937500
0.369437500
0.497625000
0.507000000
0.513937500
0.517375000
0.527125000
0.537687500
0.547375000
0.558062500
0.567875000
0.578437500
0.588187500
0.597875000
0.609125000
0.618562500
0.628125000
0.637687500
1.156687500
1.165562500
1.174250000
1.183187500
1.192375000
1.201437500
1.210375000
1.219312500
1.228312500
1.237375000
1.246500000
1.255687500
1.264875000
1.274062500
1.283312500
1.292500000
1.301937500
1.311250000
1.320875000
1.330562500
1.499687500
1.507500000
1.516250000
1.524875000
1.533500000
1.541937500
1.550375000
1.558750000
1.567062500
1.575312500
1.583625000
1.591875000
1.600125000
1.608375000
1.616562500
1.624875000
1.633125000
1.641312500
1.649500000
1.657750000
1.666000000
1.674187500
1.682500000
1.691000000
1.699500000
1.708062500
1.716750000
1.725312500
1.733812500
1.742062500
1.750750000
1.759437500
1.768187500
1.777062500
1.786937500
1.794812500
1.804000000
1.813437500
1.823250000
1.833125000
1.842750000
1.852187500
1.861625000
1.871062500
1.880625000
1.890187500
1.899875000
1.909625000
2.042187500
2.051187500
2.060187500
2.069187500
2.078437500
2.087750000
2.097062500
2.106375000
2.115687500
2.124937500
2.133937500
2.143125000
2.152437500
2.266250000
2.274000000
2.277187500
2.286562500
2.296812500
2.307500000
2.317062500
2.327000000
2.337000000
2.348125000
2.358312500
2.369875000
