0.295125000
0.303000000
0.311187500
0.319625000
0.328812500
0.337625000
0.457875000
0.465437500
0.472812500
0.480312500
0.487812500
0.495375000
0.502812500
0.510437500
0.518062500
0.525625000
0.533312500
0.541125000
0.549000000
0.556937500
0.564875000
0.572687500
0.579875000
0.587250000
0.594312500
0.601375000
0.681000000
0.688875000
0.697937500
0.705562500
0.713250000
0.720937500
0.728250000
0.735187500
0.742500000
0.749687500
0.756875000
0.764000000
0.771125000
0.778125000
0.785187500
0.792250000
0.799250000
0.806312500
0.813312500
0.820250000
0.827062500
0.833875000
0.840625000
0.847437500
0.854250000
0.861062500
0.867937500
0.874812500
0.881750000
0.888750000
0.895750000
0.902937500
0.910500000
0.918437500
0.982687500
0.990625000
0.998437500
1.006500000
1.014625000
1.022875000
1.031250000
1.039750000
1.048375000
1.056937500
1.065562500
1.074875000
1.083250000
1.092187500
1.256875000
1.264312500
1.272062500
1.279750000
1.287625000
1.295437500
1.303312500
1.311187500
1.318937500
1.450187500
1.459250000
1.468125000
1.477125000
1.486312500
1.495437500
1.504750000
1.514812500
1.523625000
1.533000000
1.543000000
1.552687500
1.562437500
1.572500000
1.582625000
1.592687500
1.596125000
1.602812500
1.606187500
1.612687500
1.616000000
1.623062500
1.633625000
1.645187500
1.718500000
1.727500000
1.736750000
1.745812500
1.754937500
1.764000000
1.773062500
1.782125000
1.791312500
1.800312500
1.809437500
1.818375000
1.827437500
1.836562500
1.845625000
1.854812500
1.864062500
1.873687500
1.883312500
1.892750000
1.902625000
1.912375000
1.922375000
1.932500000
1.942812500
1.952937500
1.963312500
1.973437500
1.984312500
1.994812500
2.005125000
2.014875000
2.025125000
2.036000000
2.431875000
2.440312500
2.448312500
2.456625000
2.465125000
2.473750000
2.481437500
2.621125000
2.629375000
2.637375000
2.645812500
2.654062500
2.662562500
2.671062500
2.679687500
2.688562500
2.697625000
2.706812500
2.716187500
2.725812500
2.735562500
2.745375000
2.755062500
2.764625000
2.774250000
2.783937500
2.793250000
2.802875000
2.812562500
2.822250000
2.832062500
2.842062500
2.852187500
2.862187500
2.872375000
2.882500000
2.892375000
2.902687500
2.913062500
2.923250000
2.933812500
2.944312500
2.954875000
2.965125000
2.975375000
2.985500000
2.996500000
3.007062500
