0.250375000
0.258812500
0.267000000
0.275312500
0.283812500
0.292187500
0.301125000
0.308937500
0.387000000
0.394125000
0.401000000
0.408000000
0.414687500
0.421437500
0.428125000
0.434625000
0.441062500
0.447375000
0.453687500
0.460000000
0.466312500
0.472750000
0.479437500
0.632312500
0.638312500
0.644312500
0.650437500
0.656625000
0.662875000
0.669187500
0.675875000
0.682375000
0.689000000
0.695750000
0.702625000
0.709687500
0.815875000
0.823562500
0.831000000
0.838375000
0.845625000
0.853000000
0.860312500
0.867750000
0.875000000
0.882875000
0.891312500
0.900000000
0.908875000
0.917937500
0.927250000
0.936312500
0.945625000
0.954875000
0.964187500
0.973687500
0.982875000
0.992812500
1.003562500
1.012937500
1.023875000
1.033625000
1.045062500
1.055250000
1.065812500
1.076500000
1.086875000
1.097625000
1.109000000
1.118500000
1.129750000
1.141812500
1.268500000
1.271687500
1.278437500
1.288062500
1.297875000
1.307125000
1.317000000
1.326750000
1.336437500
1.343750000
1.352500000
1.452375000
1.460125000
1.468250000
1.476562500
1.485000000
1.493875000
1.641312500
1.649062500
1.656750000
1.664625000
1.672625000
1.680812500
1.689125000
1.697500000
1.706250000
1.714812500
1.723250000
1.731875000
1.740562500
1.749312500
1.758187500
1.767125000
1.776250000
1.785812500
1.933500000
1.942125000
1.950875000
1.960375000
2.102562500
2.111000000
2.120250000
2.129062500
2.138187500
2.146312500
2.156125000
2.164125000
2.172875000
2.183000000
2.341875000
2.351312500
2.360750000
2.370437500
2.380250000
2.390687500
2.401062500
2.412187500
2.422000000
2.432750000
2.443375000
2.454062500
2.464687500
2.474812500
2.485937500
2.495812500
2.506437500
2.517000000
