0.269562
0.278687
0.288187
0.297625
0.446437
0.453625
0.460562
0.467562
0.474500
0.481438
0.488312
0.495188
0.502125
0.509000
0.515875
0.522687
0.529625
0.536625
0.543625
0.550625
0.557688
0.564813
0.572000
0.579187
0.586375
0.593562
0.600750
0.608000
0.615313
0.622750
0.630125
0.637500
0.644875
0.652250
0.659625
0.666937
0.674438
0.681875
0.689438
0.697250
0.705187
0.713250
0.721625
0.730313
0.739437
0.749000
0.758813
0.828438
0.837187
0.845750
0.854375
0.862938
0.871625
0.880313
0.889000
0.897687
0.906438
0.915375
0.924438
0.933813
0.943500
0.953187
0.963187
0.973812
0.984187
0.995188
1.006813
1.152375
1.162187
1.171688
1.184375
1.327063
1.335687
1.344563
1.353438
1.362375
1.371375
1.380438
1.389500
1.398688
1.407750
1.680813
1.690125
1.699563
1.709062
1.718687
1.728125
1.737688
1.747125
1.756563
1.765937
1.775500
1.784563
1.794125
1.883938
1.893500
1.903250
1.913437
1.923938
2.057812
2.068188
2.078375
2.088625
2.098875
2.109062
2.119438
2.129500
2.140188
2.158375
