0.189812500
0.198187500
0.206812500
0.215437500
0.224250000
0.233000000
0.241687500
0.250250000
0.258875000
0.267625000
0.276250000
0.284937500
0.294000000
0.301937500
0.305125000
0.310437500
0.318937500
0.329500000
0.338125000
0.345125000
0.353250000
0.361375000
0.372125000
0.381000000
0.388625000
0.397750000
0.407000000
0.415500000
0.424500000
0.434375000
0.444625000
0.452500000
0.464125000
0.473500000
0.484875000
0.579125000
0.587500000
0.594750000
0.601750000
0.608750000
0.615375000
0.622000000
0.628750000
0.636000000
0.642000000
0.648250000
0.654875000
0.661250000
0.668000000
0.674250000
0.680562500
0.778250000
0.860250000
0.868500000
0.876000000
0.883562500
0.891375000
0.900875000
0.908375000
0.916500000
0.925125000
0.934000000
0.942750000
0.951250000
0.961812500
0.971562500
0.980625000
0.991125000
1.000750000
1.009250000
1.018500000
1.028125000
1.038125000
1.048000000
1.058125000
1.068750000
1.078875000
1.089500000
1.100125000
1.110750000
1.121250000
1.131812500
1.141375000
1.150625000
1.159062500
1.167125000
1.174625000
1.283875000
1.293000000
1.302500000
1.312875000
1.324250000
1.404875000
1.414125000
1.422750000
1.431625000
1.440625000
1.449562500
1.458437500
1.467750000
1.476500000
1.484937500
1.495000000
1.502500000
1.512625000
1.521625000
1.530375000
1.540375000
1.551500000
1.620875000
1.629875000
1.639375000
1.649125000
1.659125000
1.668625000
1.678125000
1.687250000
1.799000000
1.807750000
1.817125000
1.827187500
1.837500000
1.847500000
1.857875000
1.868375000
1.879125000
1.889750000
1.899250000
1.909625000
1.919812500
1.931375000
1.942375000
1.954125000
1.964250000
1.975125000
