0.265062500
0.274000000
0.282812500
0.291875000
0.301062500
0.310375000
0.319937500
0.329312500
0.338687500
0.347937500
0.357062500
0.365875000
0.374312500
0.382375000
0.390187500
0.397937500
0.405500000
0.412937500
0.420312500
0.427500000
0.434500000
0.441375000
0.448125000
0.454750000
0.461312500
0.467937500
0.474562500
0.481187500
0.488187500
0.657250000
0.665250000
0.673437500
0.681750000
0.690250000
0.699062500
0.707625000
0.716500000
0.725562500
0.734750000
0.744062500
0.753375000
0.762687500
0.772187500
0.781625000
0.791187500
0.800937500
0.810562500
0.820250000
0.830125000
0.840187500
0.850437500
0.860687500
0.870937500
0.881000000
0.891000000
0.900750000
0.910687500
0.920500000
0.930562500
0.940687500
0.950875000
1.105250000
1.113125000
1.121625000
1.130125000
1.138562500
1.146937500
1.155375000
1.163750000
1.172437500
1.356937500
1.364500000
1.373125000
1.381750000
1.390500000
1.399375000
1.408250000
1.417250000
1.426250000
1.435375000
1.444437500
1.453500000
1.462562500
1.471687500
1.480937500
1.490250000
1.499687500
1.509125000
1.518625000
1.528187500
1.537875000
1.547625000
1.557437500
1.567187500
1.577000000
1.586875000
1.596687500
1.606562500
1.616562500
1.626562500
1.788500000
1.797250000
1.806000000
1.814687500
1.823437500
1.832250000
1.841187500
1.850187500
1.859687500
1.869562500
1.879312500
1.889062500
1.899187500
1.909687500
1.920562500
1.931500000
1.942562500
1.950812500
1.961062500
1.971312500
2.526625000
2.535562500
2.545687500
2.555375000
2.566750000
2.715000000
2.723625000
2.732187500
2.740750000
2.749437500
2.758000000
2.766625000
2.775125000
2.783687500
2.792312500
2.801250000
2.810312500
2.820000000
2.823187500
2.830375000
2.889812500
2.898125000
2.907125000
2.916062500
2.925062500
2.934250000
2.943500000
2.952625000
2.962000000
2.971437500
2.981687500
2.992312500
3.034812500
3.044437500
3.054125000
3.063625000
3.073437500
3.083375000
3.093437500
3.103687500
3.114062500
3.124625000
3.135562500
3.146625000
3.157625000
3.168562500
3.179500000
3.190625000
3.201875000
3.213250000
3.224250000
3.235687500
3.247187500
3.258750000
3.270812500
3.280250000
3.311062500
3.340750000
3.351187500
