0.310000000
0.318312500
0.326437500
0.334875000
0.343562500
0.352125000
0.360937500
0.369750000
0.378812500
0.387937500
0.397187500
0.406312500
0.415437500
0.424250000
0.434062500
0.579312500
0.586312500
0.593250000
0.600062500
0.606875000
0.613625000
0.620312500
0.626937500
0.633500000
0.640062500
0.646562500
0.653125000
0.659562500
0.666250000
0.673000000
0.679750000
0.686687500
0.693750000
0.701000000
0.862062500
0.868500000
0.874937500
0.881250000
0.887687500
0.894125000
0.900750000
0.907375000
0.914125000
0.921000000
0.928000000
0.935312500
0.942875000
0.950875000
0.959125000
0.967875000
0.976937500
0.986562500
0.996437500
1.006562500
1.016875000
1.027562500
1.038062500
1.048312500
1.058437500
1.068500000
1.078687500
1.088812500
1.098937500
1.109312500
1.120500000
1.383062500
1.392437500
1.401562500
1.410937500
1.420312500
1.429625000
1.438937500
1.448375000
1.457687500
1.467125000
1.476687500
1.486062500
1.497000000
1.582812500
1.592375000
1.601500000
1.610562500
1.619375000
1.628000000
1.636750000
1.645312500
1.653812500
1.662187500
1.670500000
1.678750000
1.686937500
1.694062500
1.702062500
1.710187500
1.718437500
1.727062500
1.735937500
1.745187500
1.753250000
1.761562500
1.769375000
1.777062500
1.784562500
1.792125000
1.799750000
1.807437500
1.815125000
1.822875000
1.830562500
1.838437500
1.846375000
1.854375000
1.862437500
1.870562500
1.878687500
1.886875000
1.895187500
1.903562500
1.912062500
1.920500000
1.928875000
1.937250000
1.945812500
1.955000000
1.963625000
1.972312500
1.980937500
1.989500000
1.997812500
2.103062500
2.112375000
2.121187500
2.129937500
2.138062500
2.146812500
2.155625000
2.164687500
2.173875000
2.183437500
2.193125000
2.203250000
2.213875000
2.223875000
2.234562500
2.245437500
2.255812500
2.267312500
2.482250000
2.491250000
2.500437500
2.510312500
2.520125000
2.530250000
2.540125000
2.550500000
2.560812500
2.571187500
2.581500000
2.591812500
2.601562500
2.611625000
2.621875000
2.631687500
2.634937500
2.641250000
2.650875000
2.660312500
2.669562500
2.678625000
2.687625000
2.696500000
2.705500000
2.714500000
2.723562500
2.732875000
2.742000000
2.750812500
2.759875000
2.769750000
2.779062500
2.787625000
2.796875000
2.805812500
2.815437500
2.824062500
2.833312500
2.842687500
2.852437500
2.861562500
2.870187500
2.879562500
2.888937500
2.898250000
2.907500000
2.916687500
2.925812500
2.935125000
2.944437500
2.953687500
2.963125000
2.972187500
2.981437500
2.990812500
3.000187500
3.009812500
3.019437500
3.029312500
3.039250000
3.049250000
3.059375000
3.069250000
3.079250000
3.342812500
3.351312500
3.359937500
3.369250000
3.378125000
3.387187500
3.396500000
3.405812500
3.415062500
3.424250000
3.433562500
3.443187500
3.452250000
3.481937500
3.491500000
3.501437500
3.510500000
3.661687500
3.671562500
3.681750000
3.691875000
3.701812500
3.711875000
3.721000000
3.731500000
3.742687500
