0.245312500
0.252687500
0.261562500
0.318312500
0.326750000
0.334937500
0.343125000
0.351250000
0.359750000
0.368312500
0.377000000
0.386062500
0.395125000
0.404625000
0.413937500
0.422562500
0.431687500
0.440625000
0.449750000
0.458812500
0.468062500
0.471250000
0.477312500
0.486437500
0.495437500
0.564625000
0.571125000
0.577875000
0.584312500
0.590750000
0.597312500
0.603875000
0.610500000
0.617312500
0.624562500
0.631750000
0.638687500
0.646062500
0.773437500
0.780812500
0.788125000
0.795500000
0.802937500
0.810625000
0.818375000
0.826125000
0.833687500
0.841437500
0.849312500
0.857625000
0.954500000
0.962750000
0.971437500
0.980687500
0.990062500
1.000625000
1.003937500
1.012625000
1.015687500
1.022937500
1.032625000
1.043625000
1.054937500
1.065687500
1.077000000
1.088437500
1.100000000
1.111375000
1.123062500
1.135125000
1.146250000
1.156812500
1.167875000
1.179062500
1.441250000
1.450375000
1.459812500
1.469500000
1.479250000
1.489250000
1.499250000
1.509375000
1.519375000
1.529500000
1.532500000
1.539437500
1.549250000
1.559187500
1.568812500
1.578187500
1.587437500
1.596625000
1.605687500
1.614687500
1.623750000
1.632750000
1.641500000
1.651437500
1.815937500
1.825250000
1.835187500
1.844875000
1.854500000
1.857875000
1.864250000
1.867750000
1.873750000
1.883187500
1.892375000
1.901562500
1.910625000
1.913812500
1.919562500
1.928500000
1.937437500
1.946375000
1.955312500
1.964187500
1.972937500
1.981562500
1.990187500
1.998750000
2.008125000
2.018312500
2.028687500
2.074375000
2.082750000
2.091500000
2.100312500
2.109250000
2.118187500
2.127312500
2.136500000
2.145750000
2.155125000
2.164562500
2.174000000
2.183687500
2.194000000
2.253375000
2.262750000
2.272437500
2.282437500
2.292625000
2.302875000
2.313250000
2.323812500
2.334625000
2.345562500
2.356937500
2.366000000
2.377687500
2.400375000
2.408312500
