0.266625000
0.274937500
0.282937500
0.290937500
0.298937500
0.306875000
0.314687500
0.322500000
0.330250000
0.338000000
0.345062500
0.353000000
0.361187500
0.369375000
0.377562500
0.386437500
0.394687500
0.510562500
0.517687500
0.525062500
0.532312500
0.539687500
0.547687500
0.554562500
0.562187500
0.569937500
0.577750000
0.585625000
0.593500000
0.601500000
0.609625000
0.617875000
0.626250000
0.634937500
0.643500000
0.652125000
0.660750000
0.669062500
0.677437500
0.685875000
0.694375000
0.703000000
0.711562500
0.720312500
0.729062500
0.737937500
0.746812500
0.755750000
0.764875000
0.774187500
0.783500000
0.792937500
0.802437500
0.811937500
0.821437500
0.830812500
0.840187500
0.849687500
0.859187500
0.868625000
0.878062500
0.887500000
0.897000000
0.906375000
0.915875000
0.925500000
0.935750000
0.947875000
1.065625000
1.073000000
1.081500000
1.089937500
1.098750000
1.106750000
1.115562500
1.123750000
1.132125000
1.140687500
1.149125000
1.157312500
1.165500000
1.173500000
1.181000000
1.189062500
1.197125000
1.205312500
1.213875000
1.223687500
1.302937500
1.311437500
1.320312500
1.329937500
1.339687500
1.349812500
1.360187500
1.371875000
1.421562500
1.430062500
1.439375000
1.447625000
1.456500000
1.466000000
1.475062500
1.483625000
1.492687500
1.501812500
1.511625000
1.520875000
1.530250000
1.539437500
1.548937500
1.558500000
1.568312500
1.578187500
1.588250000
1.598187500
1.608125000
1.618062500
1.628062500
1.637750000
1.647500000
1.657750000
1.668312500
1.680437500
1.818312500
1.827125000
1.836062500
1.845312500
1.854500000
1.863750000
1.873125000
1.882312500
1.891437500
1.900562500
1.909687500
1.918500000
1.927375000
1.936625000
1.945187500
1.953687500
1.961562500
1.969937500
1.978250000
1.986500000
1.994750000
2.002937500
2.011125000
2.019437500
2.027750000
2.036000000
2.044375000
2.052687500
2.061000000
2.069437500
2.078125000
2.087187500
2.334875000
2.343812500
2.352562500
2.361562500
2.370500000
2.379812500
2.389250000
2.398937500
2.408812500
2.418937500
2.429375000
2.440187500
2.450562500
2.461500000
2.470437500
2.479250000
