0.337750000
0.346812500
0.355500000
0.364625000
0.373812500
0.383187500
0.392625000
0.402250000
0.411375000
0.419375000
0.428687500
0.437000000
0.447625000
0.519187500
0.527562500
0.536187500
0.544750000
0.553375000
0.561750000
0.570000000
0.578125000
0.585750000
0.593625000
0.601437500
0.609125000
0.616750000
0.624250000
0.631750000
0.639187500
0.646687500
0.654000000
0.661312500
0.668437500
0.675687500
0.682937500
0.690125000
0.697500000
0.704437500
0.711687500
0.718187500
0.725437500
0.732562500
0.740062500
0.746562500
0.753812500
0.761125000
0.769437500
0.777625000
0.784562500
0.792250000
0.799437500
0.807250000
0.815250000
0.823187500
0.831125000
0.839687500
0.848625000
0.857625000
0.866062500
0.875125000
0.884875000
0.894250000
0.903562500
0.912312500
0.921375000
0.929937500
0.938375000
0.947250000
0.955812500
0.964375000
0.973062500
0.981625000
0.990437500
0.999125000
1.007812500
1.016250000
1.024750000
1.033375000
1.042562500
1.051312500
1.060125000
1.069062500
1.077937500
1.087250000
1.096250000
1.105750000
1.115125000
1.124500000
1.134062500
1.142750000
1.153562500
1.164125000
1.174562500
1.185312500
1.195187500
1.205375000
1.216250000
1.226312500
1.237187500
1.247437500
1.256937500
1.267250000
1.277812500
1.287187500
1.480750000
1.489312500
1.498812500
1.508437500
1.517937500
1.682875000
1.692500000
1.701250000
1.710437500
1.719500000
1.728687500
1.737875000
1.747375000
1.756375000
1.765562500
1.774562500
1.783687500
1.793125000
1.802437500
1.812187500
1.822187500
1.831500000
1.840000000
1.849062500
1.856250000
1.865750000
1.874625000
1.883375000
1.893062500
1.901875000
1.910750000
1.919750000
1.928875000
1.992000000
2.001625000
2.011375000
2.020500000
2.030312500
2.039875000
2.049375000
2.059375000
2.069062500
2.078437500
2.088125000
2.097937500
2.106750000
2.116375000
2.126187500
2.135937500
2.145562500
2.155312500
2.164437500
2.175500000
2.185812500
2.195937500
2.207000000
2.239500000
2.249500000
2.259312500
2.268125000
2.279250000
2.288687500
2.298687500
2.309000000
2.320500000
2.331000000
2.341562500
2.352000000
2.362812500
2.373562500
2.384187500
2.395625000
2.407062500
2.417000000
2.427625000
2.438062500
2.448312500
2.459812500
2.468875000
2.479875000
