0.246938
0.254563
0.262750
0.272062
0.282187
0.449937
0.458188
0.465813
0.473438
0.480875
0.488250
0.495563
0.502687
0.509750
0.516687
0.523625
0.530563
0.537375
0.544125
0.550688
0.557187
0.563562
0.570000
0.576313
0.582688
0.589187
0.595750
0.602375
0.608938
0.615688
0.622313
0.629062
0.635813
0.642625
0.649500
0.656500
0.663625
0.670937
0.678688
0.686688
0.695125
0.895625
0.903125
0.910438
0.917875
0.925375
0.932937
0.940500
0.948187
0.956812
0.963688
0.971750
0.979625
0.987688
0.996875
1.003937
1.012438
1.021250
1.030688
1.040250
1.049438
1.167625
1.177938
1.188313
1.198813
1.209313
1.219875
1.230687
1.241750
1.253000
1.264375
1.275875
1.285688
1.294313
1.297500
1.307063
1.317438
1.373375
1.381938
1.391188
1.409313
1.418250
1.427688
1.437437
1.527313
1.536500
1.545125
1.554188
1.563250
1.572250
1.581563
1.591125
1.600750
1.610750
1.620562
1.630250
1.639438
1.648375
1.657188
1.666063
1.674500
1.684187
1.692000
1.699563
1.707437
1.945313
1.955875
1.966188
1.976438
1.986625
1.997187
2.007938
2.018500
2.029875
2.040812
2.051813
2.060812
2.070813
2.081688
2.092000
2.102500
2.113938
2.124750
2.136188
2.145938
2.158250
2.170313
2.262250
2.272250
2.282875
2.293813
2.304688
2.315750
2.326938
2.338312
2.349250
2.360813
2.370750
2.382625
2.392812
2.403125
2.413063
2.424250
2.434875
2.444500
2.454875
