0.682000
0.690438
0.698812
0.707375
0.716187
0.724938
0.732938
0.741812
0.750313
0.759000
0.767625
0.776312
0.785125
0.794125
0.803562
0.813500
0.823500
0.833438
0.843125
0.852563
0.861938
0.871125
0.880313
0.889563
0.898750
0.908062
0.917188
0.926438
0.935125
0.944187
0.951812
0.958000
0.961250
0.991188
0.999812
1.008188
1.016812
1.025750
1.034563
1.043250
1.051875
1.060313
1.068688
1.076813
1.084688
1.092438
1.100125
1.107563
1.115125
1.122625
1.130187
1.137750
1.145250
1.152750
1.160125
1.167000
1.174750
1.181625
1.188813
1.196188
1.203625
1.211062
1.218625
1.226375
1.234500
1.242938
1.251625
1.261937
1.270500
1.278500
1.287187
1.295938
1.304750
1.313313
1.321875
1.330437
1.339125
1.347750
1.356250
1.364688
1.372937
1.380562
1.388688
1.396813
1.404875
1.413000
1.421062
1.429125
1.437437
1.537438
1.546625
1.556437
1.566313
1.576813
1.730750
1.738563
1.746438
1.754438
1.763187
1.771500
1.780063
1.788938
1.798062
1.807375
1.816938
1.826875
1.833938
1.837125
1.844750
1.848000
1.855500
1.858813
1.869750
1.880875
1.892438
2.071500
2.080250
2.089125
2.098625
2.107750
2.117500
2.127250
2.137313
2.147500
2.157875
2.168625
2.179375
2.190062
2.200375
2.210875
2.221438
2.233438
2.367750
2.376813
2.385875
2.395062
2.404625
2.414250
2.523375
2.532875
2.542063
2.551063
2.560000
2.568938
2.577812
2.586688
2.595625
2.604625
2.613625
2.622750
2.631937
2.640813
2.649563
2.658313
2.667063
2.675688
2.684500
2.693188
2.702062
2.711313
2.720625
2.730313
2.739187
2.854312
2.863875
2.873125
2.882438
2.892063
2.902125
2.912562
2.923062
2.933750
2.944125
2.954375
2.964125
2.974500
3.035563
3.044062
3.053375
3.063000
3.073250
3.084000
3.151000
3.159813
3.169563
3.179063
3.188438
3.198188
3.208125
3.217687
3.227187
3.236813
3.246688
3.256438
3.266437
3.276937
3.286125
3.296750
3.307875
3.318875
3.330563
3.342000
3.353500
3.364875
3.377312
3.389125
3.400125
