0.361750000
0.368812500
0.375562500
0.382250000
0.388812500
0.395312500
0.401625000
0.408062500
0.414500000
0.420875000
0.427312500
0.433625000
0.439937500
0.446375000
0.452875000
0.459500000
0.466250000
0.474187500
0.481437500
0.570062500
0.578250000
0.586437500
0.594875000
0.603250000
0.612000000
0.620625000
0.629500000
0.638562500
0.647750000
0.657187500
0.666687500
0.676500000
0.686562500
0.696812500
0.707437500
0.717687500
0.728125000
0.738437500
0.749062500
0.758937500
0.769812500
0.780125000
0.792250000
0.941750000
0.950875000
0.960375000
0.969687500
0.979125000
0.988625000
0.998062500
1.008000000
1.018812500
1.096437500
1.105437500
1.113875000
1.122312500
1.130750000
1.139062500
1.147375000
1.155812500
1.164250000
1.172625000
1.181125000
1.189625000
1.198312500
1.206687500
1.215062500
1.223312500
1.231875000
1.240750000
1.249375000
1.257500000
1.266125000
1.275000000
1.283937500
1.293437500
1.303000000
1.312687500
1.322375000
1.332562500
1.342187500
1.351937500
1.362000000
1.372187500
1.382562500
1.392937500
1.403812500
1.414625000
1.568250000
1.577562500
1.586562500
1.595687500
1.604562500
1.613625000
1.622687500
1.631750000
1.640937500
1.649937500
1.659062500
1.668062500
1.677187500
1.686312500
1.695000000
1.704500000
1.714000000
1.745062500
1.752875000
1.762312500
1.772125000
1.781812500
1.791437500
1.801000000
1.810750000
1.820500000
1.832000000
2.000000000
2.009375000
2.018437500
2.027500000
2.036687500
2.045812500
2.054937500
2.064062500
2.073500000
2.083625000
2.094062500
2.106125000
2.116625000
2.125312500
2.135437500
2.145562500
2.155937500
2.166312500
2.176437500
2.187125000
2.197375000
2.208125000
2.218625000
2.229312500
2.240000000
2.250812500
2.261500000
2.272375000
2.285062500
2.296000000
2.306750000
