0.251437
0.260313
0.269188
0.278000
0.286938
0.295875
0.304812
0.313937
0.323125
0.332375
0.341750
0.351250
0.360812
0.370688
0.380813
0.391000
0.401438
0.412063
0.422750
0.433500
0.444750
0.455813
0.467000
0.478438
0.489688
0.500875
0.512938
0.524062
0.536063
1.002250
1.011187
1.020125
1.029000
1.038063
1.047125
1.056250
1.065563
1.075063
1.084500
1.094000
1.103250
1.112813
1.122313
1.131625
1.140562
1.149125
1.157375
1.165500
1.173437
1.181250
1.188938
1.196750
1.204063
1.211813
1.290437
1.297375
1.304375
1.311438
1.318563
1.325687
1.333063
1.340750
1.348438
1.462625
1.471563
1.480250
1.489063
1.498188
1.507375
1.516812
1.526188
1.535625
1.545187
1.554938
1.564812
1.574750
1.584688
1.594813
1.605250
1.616375
1.711937
1.720188
1.728000
1.735688
1.743313
1.751000
1.758000
1.765500
1.922938
1.930313
1.938063
1.945437
1.952375
1.959813
1.967250
1.974813
1.982312
1.990063
1.997875
2.005937
2.014438
2.140813
2.150187
2.159625
2.169313
2.179063
2.189000
2.199063
2.209188
2.219625
2.230000
2.240625
2.251500
2.262500
2.273750
2.285000
2.296125
2.307688
2.319125
2.330563
2.341937
2.353500
2.365000
2.376750
