0.304375
0.312125
0.320063
0.327937
0.335938
0.344062
0.352312
0.360812
0.369375
0.377875
0.386500
0.394938
0.403500
0.412000
0.420375
0.428625
0.436875
0.445188
0.453562
0.462062
0.470625
0.479250
0.488000
0.497188
0.506938
0.517375
0.529000
0.539500
0.548438
0.557875
0.567562
0.577125
0.586688
0.596063
0.605375
0.614500
0.623437
0.632125
0.640687
0.649000
0.657188
0.665125
0.672875
0.680625
0.688187
0.695688
0.703063
0.710500
0.717812
0.725063
0.732313
0.739500
0.746750
0.753875
0.761062
0.768312
0.775625
0.782937
0.790312
0.797750
0.805375
0.813063
0.820875
0.828500
0.836125
0.843562
0.850875
0.858250
0.865688
0.873188
0.880687
0.888312
0.896625
0.905625
0.914063
0.922937
0.965812
0.973812
0.982250
0.990750
0.999313
1.007937
1.016688
1.025250
1.033875
1.042500
1.051125
1.059750
1.068437
1.077250
1.086188
1.095188
1.104250
1.113188
1.122250
1.131125
1.140125
1.149250
1.158438
1.167812
1.177125
1.186438
1.195375
1.204750
1.213437
1.222750
1.230312
1.268250
1.275875
1.283313
1.291500
1.299750
1.308125
1.317125
1.326250
1.335375
1.344750
1.354000
1.363250
1.372500
1.381813
1.391188
1.400562
1.410000
1.419563
1.429125
1.438750
1.448687
1.458500
1.468563
1.478687
1.488875
1.499313
1.509813
1.520375
1.531063
1.541625
1.553000
1.563938
1.574812
