0.230937500
0.240125000
0.249187500
0.258375000
0.267750000
0.278437500
0.312687500
0.322062500
0.330750000
0.340250000
0.349750000
0.359062500
0.368437500
0.377687500
0.386937500
0.396125000
0.405250000
0.414187500
0.423062500
0.431812500
0.440500000
0.449125000
0.457750000
0.466250000
0.475062500
0.483875000
0.492812500
0.501687500
0.510500000
0.519125000
0.527562500
0.535875000
0.544000000
0.552062500
0.559812500
0.567562500
0.575250000
0.582937500
0.590562500
0.598062500
0.605562500
0.612875000
0.620062500
0.627812500
0.635625000
0.643312500
0.651062500
0.659000000
0.666562500
0.673687500
0.680937500
0.688000000
0.695000000
0.701937500
0.708812500
0.715750000
0.722625000
0.729562500
0.736437500
0.743375000
0.750437500
0.757500000
0.764625000
0.771937500
0.779437500
0.787187500
0.794750000
0.922375000
0.930375000
0.938375000
0.946625000
0.954875000
0.963375000
0.972000000
0.980812500
0.989750000
0.998750000
1.007812500
1.017000000
1.026187500
1.035875000
1.046312500
1.054875000
1.064562500
1.073500000
1.082750000
1.091750000
1.101500000
1.190375000
1.199125000
1.208125000
1.217375000
1.226625000
1.235875000
1.245750000
1.255500000
1.380875000
1.389500000
1.398375000
1.407250000
1.416250000
1.425375000
1.434625000
1.443750000
1.452937500
1.462000000
1.470750000
1.479875000
1.488750000
1.497875000
1.507000000
1.516125000
1.525375000
1.534750000
1.544937500
1.680437500
1.690125000
1.699812500
1.710000000
1.719750000
1.730062500
1.741562500
1.751937500
1.894187500
1.904250000
1.915437500
1.926437500
1.937875000
1.948687500
1.960437500
1.991500000
2.002937500
