0.242687500
0.308187500
0.316687500
0.325187500
0.333875000
0.342750000
0.351812500
0.361125000
0.370625000
0.380250000
0.391375000
0.461687500
0.468875000
0.477125000
0.485250000
0.493312500
0.501125000
0.508875000
0.516500000
0.524062500
0.531437500
0.538812500
0.546062500
0.553312500
0.560562500
0.635937500
0.643250000
0.651000000
0.659250000
0.784812500
0.792187500
0.799625000
0.807125000
0.814812500
0.822625000
0.830687500
0.838937500
0.847500000
0.856437500
0.865625000
0.875250000
0.938812500
0.946625000
0.955062500
0.963437500
0.971875000
0.980437500
0.988937500
0.997375000
1.005625000
1.014312500
1.023687500
1.178062500
1.187312500
1.196812500
1.207062500
1.218062500
1.225750000
1.256500000
1.264687500
1.273687500
1.282812500
1.292062500
1.301500000
1.311000000
1.320625000
1.330375000
1.340250000
1.350187500
1.360250000
1.370562500
1.381437500
1.482062500
1.491625000
1.501875000
1.511687500
1.521375000
1.531562500
1.541875000
1.552312500
1.563687500
1.713125000
1.719750000
1.727937500
1.736125000
1.744500000
1.753062500
1.761875000
1.770937500
1.780500000
1.790687500
1.800937500
1.812125000
1.824125000
1.831875000
2.401687500
2.534750000
2.542437500
2.551875000
2.561625000
2.571437500
2.581437500
2.591750000
2.602500000
2.613125000
2.624875000
2.685437500
2.694125000
2.703625000
2.713500000
2.841062500
2.848750000
2.857000000
2.865375000
2.873812500
2.882375000
2.890875000
2.899500000
2.908187500
2.916937500
2.925812500
2.934687500
2.943750000
2.952875000
2.962187500
2.971750000
3.126312500
3.134000000
3.142000000
3.150062500
3.158250000
3.166562500
3.174937500
3.183750000
3.289187500
3.321000000
3.435375000
3.444562500
3.454250000
3.464687500
3.476937500
3.485750000
3.496750000
3.510000000
3.519875000
3.530562500
3.541437500
3.553625000
3.565875000
3.575875000
