0.239125000
0.248250000
0.257000000
0.266000000
0.274875000
0.283875000
0.292750000
0.301687500
0.310812500
0.319875000
0.329125000
0.338437500
0.347625000
0.356562500
0.365250000
0.373687500
0.382062500
0.390062500
0.398062500
0.405875000
0.413750000
0.421500000
0.429250000
0.436812500
0.444375000
0.451750000
0.459125000
0.466750000
0.564750000
0.572187500
0.579625000
0.587062500
0.594625000
0.602437500
0.610500000
0.618812500
0.628562500
0.637125000
0.697625000
0.705812500
0.714062500
0.722437500
0.730687500
0.738875000
0.746937500
0.754812500
0.762875000
0.770687500
0.779000000
0.786687500
0.795187500
0.802750000
0.811000000
0.818500000
0.826750000
0.835312500
0.842437500
0.850812500
0.859125000
0.867500000
0.875812500
0.884250000
0.892625000
0.900937500
0.909187500
0.917625000
0.926125000
0.935125000
0.944687500
0.984250000
0.992000000
1.001250000
1.010625000
1.020187500
1.029875000
1.039562500
1.049062500
1.059687500
1.070250000
1.080000000
1.089812500
1.100062500
1.110062500
1.120000000	
1.130625000	
1.138937500
1.149375000
1.158562500
1.168437500	
1.239562500
1.247562500
1.255562500
1.264250000
1.273000000
1.281937500
1.291187500
1.300625000
1.309875000
1.319250000
1.329062500
1.339500000
1.462375000
1.471000000
1.479312500
1.487625000
1.496062500
1.504375000
1.512687500
1.521125000
1.529625000
1.538375000
1.547375000
1.597500000
1.605875000
1.614750000
1.623812500
1.632250000
1.640562500
1.649375000
1.657812500
1.666937500
1.675937500
1.685250000
1.695125000
1.705187500
1.715062500
1.725250000
1.734875000
1.744687500
1.754750000
1.816437500
1.824562500
1.833187500
1.842062500
1.851437500
1.860125000
1.869125000
1.878375000
1.887437500
1.896562500
1.905687500
1.915000000
1.923562500
1.932375000
1.941312500
1.950187500
1.959000000
1.967750000
1.976250000
1.984875000
1.993687500
2.003187500
2.133187500
2.141687500
2.151125000
2.160250000
2.169625000
2.179000000
2.188250000
2.197625000
2.207000000
2.216500000
2.225812500
2.235312500
2.244625000
2.254125000
2.263687500
2.273937500
2.286437500
2.345187500
2.354562500
2.364187500
2.373750000
2.383562500
2.393312500
2.403187500
2.413062500
2.423125000
2.433375000
2.444750000
2.454000000
2.463812500
2.482000000
