0.325562500
0.333937500
0.342375000
0.350500000
0.358625000
0.366625000
0.374625000
0.382500000
0.390312500
0.398125000
0.405750000
0.413312500
0.420875000
0.428375000
0.435750000
0.443187500
0.450562500
0.458000000
0.465437500
0.472812500
0.480187500
0.487500000
0.494750000
0.501812500
0.508937500
0.516000000
0.523062500
0.530125000
0.537187500
0.544312500
0.551500000
0.558750000
0.566000000
0.573312500
0.580687500
0.588750000
0.595937500
0.748250000
0.756000000
0.763375000
0.771125000
0.779000000
0.787250000
0.795500000
0.803750000
0.812062500
0.820437500
0.828937500
0.837500000
0.840687500
0.846250000
0.855000000
0.863500000
0.871750000
0.880125000
0.888625000
0.897187500
0.905812500
0.915000000
0.923750000
0.932625000
0.941750000
0.950875000
0.959937500
0.969250000
0.978375000
0.987500000
0.996687500
1.006000000
1.015312500
1.024750000
1.034250000
1.044000000
1.047187500
1.053687500
1.063687500
1.073812500
1.084062500
1.094625000
1.105062500
1.115375000
1.118687500
1.125500000
1.128750000
1.135562500
1.138937500
1.145937500
1.156062500
1.166125000
1.175937500
1.185562500
1.195875000
1.207125000
1.219875000
1.262250000
1.271062500
1.280437500
1.289875000
1.299250000
1.308687500
1.318000000
1.327312500
1.336500000
1.345750000
1.354875000
1.364062500
1.373125000
1.382375000
1.391625000
1.400937500
1.410312500
1.419687500
1.429312500
1.439125000
1.442312500
1.448875000
1.458875000
1.468875000
1.478812500
1.488750000
1.498562500
1.507937500
1.517687500
1.527312500
1.537000000
1.546812500
1.556187500
1.566000000
1.575687500
1.585375000
1.595312500
1.605125000
1.614687500
1.624000000
1.633875000
1.642375000
1.651625000
1.662000000
