0.338312500	
0.347000000	
0.356187500	
0.365125000	
0.374312500	
0.383000000	
0.392125000	
0.401375000	
0.410062500	
0.418562500	
0.427187500	
0.436062500	
0.444875000	
0.453562500	
0.462187500	
0.471187500	
0.480187500	
0.489312500	
0.497937500	
0.507312500	
0.516625000	
0.526125000	
0.535312500	
0.544937500	
0.554125000	
0.566062500	
0.575187500	
0.585000000	
0.786812500	
0.794062500	
0.801687500	
0.809312500	
0.816812500	
0.823812500	
0.831312500	
0.838500000	
0.845437500	
0.852312500	
0.859187500	
0.866125000	
0.872750000	
0.879812500	
0.886562500	
0.893437500	
0.900312500	
0.907062500	
0.914125000	
0.921125000	
0.928375000	
0.935812500	
0.942687500	
0.949937500	
0.957062500	
0.964437500	
0.971812500	
0.979062500	
0.986437500	
0.993875000	
1.001375000	
1.008625000	
1.016125000	
1.023625000	
1.031312500	
1.038875000	
1.046500000	
1.054500000	
1.062375000	
1.070625000	
1.079562500	
1.089062500	
1.153125000	
1.161687500	
1.170062500	
1.179062500	
1.187937500	
1.195312500	
1.204125000	
1.212562500	
1.220937500	
1.229187500	
1.364187500	
1.373875000	
1.960000000	
1.968562500	
1.977375000	
1.985812500	
1.994812500	
2.003000000	
2.010750000	
2.018812500	
2.027000000	
2.034812500	
2.042625000	
2.050750000	
2.058750000	
2.066750000	
2.207000000	
2.214875000	
2.223437500	
2.232062500	
2.240812500	
2.250000000	
2.285687500	
2.295062500	
2.303562500	
2.312750000	
2.322250000	
2.331625000	
2.454000000	
2.462250000	
2.470250000	
2.479125000	
2.487312500	
2.495500000	
2.504062500	
2.512750000	
2.521375000	
2.529375000	
2.538062500	
2.546562500	
2.554625000	
2.563312500	
2.943250000	
2.952937500	
2.962437500	
2.972187500	
2.983000000	
3.034875000	
3.046437500	
3.184125000	
3.193000000	
3.200562500	
3.209250000	
3.217250000	
3.226000000	
3.234812500	
3.243125000	
3.251625000	
3.259625000	
3.463000000	
3.472312500	
3.481375000	
3.491437500	
3.501312500	
3.511500000	
3.522062500	
3.532500000	
3.544875000	
