0.245250000
0.253625000
0.262687500
0.270687500
0.279125000
0.286875000
0.294625000
0.302187500
0.309500000
0.316750000
0.323875000
0.330875000
0.337750000
0.343937500
0.514000000
0.522125000
0.530062500
0.538125000
0.546250000
0.554312500
0.562500000
0.570812500
0.579062500
0.587375000
0.595625000
0.603812500
0.612062500
0.620312500
0.628625000
0.637125000
0.645687500
0.654562500
0.664062500
0.674250000
0.685562500
0.695187500
0.704187500
0.711812500
0.721750000
0.731437500
0.741375000
0.751625000
0.761937500
0.882500000
0.890937500
0.899562500
0.908375000
0.917250000
0.926250000
0.935375000
0.944625000
0.953875000
0.963187500
0.972312500
0.981250000
0.990500000
0.999812500
1.009062500
1.018437500
1.027812500
1.037312500
1.046750000
1.056500000
1.066312500
1.076250000
1.086000000
1.095687500
1.105500000
1.115375000
1.125437500
1.135375000
1.145000000
1.154750000
1.163750000	
1.170187500
1.178812500
1.186562500	
1.194375000	
1.201562500	
1.208437500	
1.215312500	
1.222187500	
1.229687500	
1.237812500	
1.245312500	
1.252500000	
1.263125000
1.269750000
1.278500000
1.287375000
1.296312500
1.305125000
1.313875000
1.322500000
1.331187500
1.339750000
1.348187500
1.356750000
1.365250000
1.374125000
1.383250000
1.392437500
1.401937500
1.411625000
1.423125000
1.433125000	
1.444250000
1.451750000
1.460312500
1.469125000
1.478125000
1.487250000
1.496375000
1.505562500
1.514750000
1.524000000
1.533250000
1.542312500
1.551687500
1.561062500
1.570937500
1.581937500
1.741312500
1.749312500
1.757187500
1.765125000
1.773000000
1.780812500
1.788687500
1.796750000
1.804812500
1.813000000
1.821312500
1.829812500
1.838437500
1.847437500
1.856625000
1.866312500
1.876187500
1.886625000
1.897062500
1.907750000
1.918375000
1.928937500
1.939687500
1.950937500	
1.963437500	
