0.273312500
0.282000000
0.290500000
0.300000000
0.310812500
0.339937500
0.348500000
0.357250000
0.365625000
0.374000000
0.382062500
0.390250000
0.398312500
0.406250000
0.414187500
0.422000000
0.430000000
0.438312500
0.446250000
0.454187500
0.463062500
0.472062500
0.482125000
0.490187500
0.499250000
0.507875000
0.516687500
0.525125000
0.533562500
0.542250000
0.550500000
0.559000000
0.567375000
0.575750000
0.584187500
0.592687500
0.601125000
0.608875000
0.617062500
0.625250000
0.633312500
0.641000000
0.648437500
0.655875000
0.663125000
0.670375000
0.677500000
0.684562500
0.691625000
0.698625000
0.705625000
0.712625000
0.719750000
0.726937500
0.734125000
0.741375000
0.748875000
0.756437500
0.763750000
0.770687500
0.778062500
0.786187500
0.793500000
0.800812500
0.808625000
0.816687500
0.931875000
0.941750000
0.951687500
0.961937500
0.972187500
0.982625000
0.993062500
1.003687500
1.013437500
1.024187500
1.034437500
1.044687500
1.054937500
1.065312500
1.076375000
1.087562500
1.476750000
1.484687500
1.494000000
1.503437500
1.513125000
1.523062500
1.532937500
1.543000000
1.553062500
1.562937500
1.573375000
1.583750000
1.594000000
1.603937500
1.613562500
1.623062500
1.631937500
1.641312500
1.674937500
1.705062500
1.712875000
1.720937500
1.729562500
1.737937500
1.746687500
1.755500000
1.763875000
1.772187500
1.780750000
1.789187500
1.797312500
1.805562500
1.813375000
1.822000000
1.829937500
1.837875000
1.846125000
1.854437500
1.862812500
1.871375000
1.879875000
1.888437500
1.896812500
1.905125000
1.913375000
1.921625000
1.930000000
1.938375000
1.946812500
1.955250000
1.963687500
1.972187500
1.980687500
1.989125000
1.997750000
2.006437500
2.015125000
2.024062500
2.033062500
2.042125000
2.051000000
2.060000000
2.069062500
2.078000000
2.087562500
2.096687500
2.105875000
2.115000000
2.124187500
2.133375000
2.142625000
2.152125000
2.161875000
2.171500000
2.181500000	
2.190625000
2.200125000
2.209437500
2.219500000
2.228687500
2.238312500
2.248125000
2.257625000
2.267687500
2.277562500
2.287500000
2.297437500
2.308750000
2.319500000
2.330062500
2.340875000
2.350750000
2.362937500
