0.243812
0.252375
0.255625
0.261000
0.269438
0.277750
0.285875
0.294000
0.302063
0.310000
0.317875
0.325625
0.333250
0.340750
0.348187
0.355500
0.362750
0.369500
0.376688
0.383688
0.390688
0.397688
0.404687
0.411938
0.419438
0.426875
0.434437
0.442125
0.450688
0.457500
0.464875
0.472125
0.479250
0.486375
0.493563
0.500812
0.508250
0.515687
0.523312
0.531125
0.539188
0.547438
0.555875
0.565125
0.716625
0.725125
0.733313
0.741750
0.750375
0.759125
0.767938
0.776937
0.786000
0.795063
0.804125
0.813187
0.822313
0.831500
0.840812
0.850625
0.861437
0.922000
0.931688
0.941250
0.949625
0.958938
0.968125
0.977437
0.986750
0.996000
1.005688
1.015375
1.025562
1.036125
1.083500
1.093000
1.102750
1.112688
1.122750
1.132875
1.143438
1.154000
1.328500
1.336625
1.345125
1.353813
1.362500
1.371438
1.380313
1.389563
1.596250
1.605188
1.614125
1.623250
1.632375
1.641250
1.650562
1.659688
1.668813
1.678063
1.687563
1.697125
1.706813
1.716625
1.726813
1.737750
1.748688
1.760000
1.782063
1.790750
1.800938
1.811250
1.821563
1.832000
1.851063
1.870125
1.880313
1.891375
1.901437
2.025562
2.033938
2.043125
2.052500
2.061750
2.070813
2.080312
2.089437
2.098500
2.107750
2.118375
2.127312
2.136188
2.222125
2.231875
2.242625
2.253125
2.264750
2.274188
2.325438
2.335500
2.345687
2.356500
2.367812
