0.304750000
0.312875000
0.321062500
0.329375000
0.338187500
0.347125000
0.356250000
0.365562500
0.375250000
0.384875000
0.403937500
0.412625000
0.421187500
0.429937500
0.439000000
0.448687500
0.543062500
0.551187500
0.559062500
0.566875000
0.574687500
0.582375000
0.589937500
0.597375000
0.604687500
0.611875000
0.618937500
0.625875000
0.632750000
0.639500000
0.646187500
0.652687500
0.659375000
0.665937500
0.672437500
0.678875000
0.685375000
0.691937500
0.698687500
0.779437500
0.786125000
0.792562500
0.799062500
0.805687500
0.812562500
0.819812500
0.827250000
0.938937500
0.947500000
0.955562500
0.963625000
0.971687500
0.979875000
0.988000000
0.996250000
1.004437500
1.012750000
1.020937500
1.029125000
1.037437500
1.045687500
1.054062500
1.062375000
1.071000000
1.079437500
1.087750000
1.096312500
1.105125000
1.114062500
1.123500000
1.133687500
1.197437500
1.207437500
1.217250000
1.227375000
1.237750000
1.372000000
1.379937500
1.387812500
1.395812500
1.403562500
1.410937500
1.418375000
1.611625000
1.621750000
1.631375000
1.641562500
1.650812500
1.661375000
1.671312500
1.681875000
1.691312500
1.702625000
1.712000000
1.722375000
1.733625000
1.744250000
1.945750000
1.953437500
1.961125000
1.968062500
1.985437500
1.994500000
2.003687500
2.013062500
2.023437500
2.033125000
2.043875000
2.053750000
2.063687500
2.155812500
2.165437500
2.175125000
2.184812500
2.194937500
2.205250000
2.216312500
2.258250000
2.267687500
2.277062500
2.286437500
2.295937500
2.305375000
2.315062500
2.324625000
2.334125000
2.343687500
2.353375000
2.363062500
2.373000000
2.382937500
2.392875000
2.403125000
2.413625000
2.424375000
2.435062500
2.445750000
2.456437500
2.467000000
2.477562500
2.488250000
2.498625000
2.508625000
2.519000000
2.528937500
