0.260062500
0.268187500
0.276250000
0.284437500
0.292750000
0.301125000
0.309687500
0.318062500
0.326500000
0.334625000
0.342750000
0.351250000
0.359812500
0.368562500
0.377562500
0.388187500
0.431875000
0.440000000
0.448187500
0.456687500
0.465187500
0.473687500
0.482375000
0.491062500
0.499625000
0.508062500
0.516125000
0.524375000
0.532000000
0.540437500
0.548000000
0.578625000
0.585875000
0.592812500
0.600062500
0.607500000
0.615375000
0.623437500
0.631625000
0.640125000
0.648437500
0.656875000
0.665250000
0.673562500
0.681750000
0.689937500
0.697937500
0.705750000
0.714125000
0.722687500
0.731375000
0.741312500
0.782375000
0.790437500
0.798312500
0.806062500
0.813875000
0.821875000
0.829750000
0.837812500
0.846000000
0.854437500
0.863312500
0.872625000
0.882125000
0.998375000
1.005937500
1.014625000
1.023375000
1.032000000
1.040750000
1.049500000
1.058062500
1.066750000
1.075437500
1.084187500
1.092875000
1.101375000
1.109750000
1.118187500
1.126562500
1.134812500
1.143062500
1.151125000
1.159187500
1.167250000
1.175125000
1.183062500
1.191000000
1.199000000
1.206937500
1.215000000
1.223125000
1.231312500
1.239625000
1.248062500
1.256312500
1.264562500
1.272625000
1.280937500
1.288875000
1.297187500
1.305312500
1.313750000
1.321562500
1.330125000
1.338875000
1.347375000
1.356375000
1.365312500
1.373937500
1.382625000
1.391312500
1.400312500
1.410500000
1.555000000
1.564125000
1.572875000
1.581875000
1.590937500
1.600250000
1.609437500
1.618562500
1.627812500
1.636812500
1.646062500
1.655312500
1.664437500
1.673500000
1.682625000
1.691625000
1.700750000
1.709812500
1.719000000
1.728250000
1.737562500
1.747000000
1.756562500
1.766437500
1.776312500
1.786562500
1.796750000
1.807375000
1.818500000
1.829000000
1.840312500
1.850625000
1.861437500
1.871937500
