0.261437500
0.333187500
0.341687500
0.350125000
0.359687500
0.368875000
0.378500000
0.388625000
0.399125000
0.504625000
0.511437500
0.519000000
0.526312500
0.533562500
0.540750000
0.547875000
0.555062500
0.562125000
0.569250000
0.576250000
0.583187500
0.590250000
0.597250000
0.604250000
0.611375000
0.618437500
0.625437500
0.632375000
0.639312500
0.646250000
0.653187500
0.660187500
0.667250000
0.674375000
0.681562500
0.688937500
0.696437500
0.704062500
0.711750000
0.719312500
0.726562500
0.733750000
0.740937500
0.748250000
0.755687500
0.763187500
0.770812500
0.778500000
0.786312500
0.794375000
0.802937500
0.951375000
0.958062500
0.966375000
0.974875000
0.983687500
0.992812500
1.002312500
1.012562500
1.146750000
1.154437500
1.162250000
1.170062500
1.178062500
1.186125000
1.194187500
1.202312500
1.210625000
1.219062500
1.227687500
1.236500000
1.245500000
1.254812500
1.264375000
1.274375000
1.284687500
1.295250000
1.305750000
1.316250000
1.326750000
1.337312500
1.348062500
1.358937500
1.370062500
1.381250000
1.392125000
1.403375000
1.594312500
1.603312500
1.612187500
1.621500000
1.631125000
1.640625000
1.650812500
1.662250000
1.783437500
1.792062500
1.801625000
1.811125000
1.820750000
1.830437500
1.840187500
1.850000000
1.859875000
1.869812500
1.879812500
1.890062500
1.900750000
1.910937500
1.921312500
1.931937500
1.943187500
1.954875000
1.964562500
1.986937500
1.994750000
2.025187500
2.034625000
