0.252562500
0.260437500
0.268062500
0.276000000
0.283750000
0.291562500
0.299437500
0.307312500
0.315250000
0.323187500
0.331187500
0.339187500
0.347250000
0.355312500
0.363500000
0.371750000
0.379937500
0.388125000
0.396437500
0.404750000
0.413000000
0.421500000
0.574375000
0.583375000
0.592375000
0.601500000
0.610937500
0.621250000
0.757937500
0.764875000
0.771750000
0.778375000
0.785000000
0.791562500
0.798062500
0.804500000
0.810875000
0.817125000
0.823312500
0.829500000
0.835375000
0.841312500
0.964000000
0.972062500
0.980312500
0.988500000
0.996687500
1.004812500
1.012875000
1.021000000
1.029375000
1.038312500
1.047375000
1.056312500
1.063687500
1.072187500
1.075437500
1.080687500
1.089250000
1.097812500
1.106312500
1.114812500
1.123312500
1.131750000
1.140250000
1.148812500
1.157437500
1.165937500
1.174500000
1.183187500
1.191875000
1.200625000
1.209437500
1.218187500
1.227125000
1.236125000
1.245187500
1.254562500
1.264625000
1.417562500
1.426125000
1.434750000
1.443812500
1.452937500
1.462062500
1.471312500
1.480812500
1.490312500
1.499812500
1.509375000
1.518812500
1.528437500
1.538125000
1.547687500
1.557312500
1.566937500
1.576687500
1.586437500
1.596000000
1.605625000
1.615125000
1.624687500
1.634312500
1.644187500
1.653937500
1.663875000
1.674000000
1.684125000
1.694312500
1.704437500
1.714125000
1.723750000
1.733375000
1.743125000
1.753000000
1.762562500
1.773062500
1.782812500
1.793187500
1.803187500
1.813375000
1.822625000
1.832375000
1.841000000
