0.278812500
0.287250000
0.295375000
0.303500000
0.311750000
0.319625000
0.327437500
0.334812500
0.342125000
0.349500000
0.356812500
0.364062500
0.371250000
0.378375000
0.385375000
0.392250000
0.399062500
0.405812500
0.412437500
0.419000000
0.425437500
0.432000000
0.438500000
0.445062500
0.451687500
0.458500000
0.465375000
0.577500000
0.584125000
0.590500000
0.597187500
0.604000000
0.611000000
0.618187500
0.625500000
0.633062500
0.640937500
0.650250000
0.755937500
0.763250000
0.770312500
0.777375000
0.784562500
0.791812500
0.799187500
0.806625000
0.814125000
0.821875000
0.830562500
0.834062500
0.839875000
0.907937500
0.915125000
0.923750000
0.932812500
0.942062500
0.951500000
0.961062500
0.970750000
0.980375000
0.990125000
0.999875000
1.009812500
1.019687500
1.029562500
1.039312500
1.049000000
1.058562500
1.068125000
1.077687500
1.087250000
1.096750000
1.106125000
1.115500000
1.124812500
1.134062500
1.143000000
1.151812500
1.160562500
1.169187500
1.177687500
1.186250000
1.194875000
1.203500000
1.212125000
1.220937500
1.229750000
1.238687500
1.247812500
1.257187500
1.266437500
1.275687500
1.285125000
1.294625000
1.304375000
1.314187500
1.323937500
1.333875000
1.343937500
1.354000000
1.364625000
1.375687500
1.388125000
1.398500000
1.407187500
1.416937500
1.426937500
1.436875000
1.446562500
1.455625000
1.465312500
1.474562500
1.484187500
1.493562500
1.502937500
1.512312500
1.521875000
1.531500000
1.540625000
1.551000000
1.561875000
1.572937500
1.583625000
1.594187500
1.604062500
1.614000000
1.623937500
1.633625000
1.643125000
1.646437500
1.652625000
1.662062500
1.671625000
1.680500000
1.689250000
1.697750000
1.707000000
1.715125000
1.723500000
1.732000000
1.876437500
1.885812500
1.895812500
1.906000000
1.916437500
1.926875000
1.937562500
1.948375000
1.959125000
1.971000000
2.080125000
2.089812500
2.100187500
2.109750000
2.119750000
2.130250000
2.141000000
2.151437500
2.162000000
2.171875000
2.182500000
2.193625000
2.259000000
2.267875000
2.277875000
2.287750000
2.298250000
2.433750000
2.442437500
2.451875000
2.461312500
2.470687500
2.480187500
2.489937500
2.499625000
2.509312500
2.519187500
2.528875000
2.538750000
2.548750000
2.559062500
2.569125000
2.579937500
2.590250000
2.600812500
2.611687500
2.622562500
2.633375000
2.644000000
2.655187500
2.665750000
2.676687500
