0.538000
0.546063
0.555000
0.563500
0.572500
0.580688
0.589125
0.597688
0.606000
0.614375
0.622750
0.631313
0.640188
0.649062
0.657937
0.666625
0.675188
0.683625
0.692063
0.700438
0.708812
0.717313
0.725938
0.734812
0.744500
0.851563
0.860563
0.869500
0.878437
0.887687
0.896438
0.905813
0.914250
0.922375
0.931438
0.939187
0.949250
0.959438
0.975563
0.984313
0.992250
0.999938
1.007625
1.015063
1.022688
1.030313
1.037875
1.045438
1.052875
1.060375
1.067750
1.075125
1.082125
1.089625
1.096813
1.104000
1.111250
1.118562
1.125625
1.132813
1.139938
1.147063
1.154187
1.161375
1.168625
1.175875
1.183250
1.190750
1.198375
1.206188
1.214125
1.222125
1.230250
1.238500
1.246813
1.255250
1.263750
1.272125
1.280375
1.288625
1.296625
1.304500
1.312437
1.320375
1.328250
1.336188
1.344125
1.352188
1.360375
1.368813
1.377438
1.386562
1.396063
1.405938
1.416187
1.426500
1.436938
1.447563
1.458250
1.468687
1.548938
1.558563
1.567938
1.577125
1.586375
1.595625
1.605063
1.614750
1.624562
1.634375
1.637625
1.644187
1.647438
1.654063
1.663812
1.673625
1.683313
1.692938
1.702375
1.711875
1.721313
1.730875
1.740250
1.749688
1.759250
1.768938
1.778688
1.788437
1.798062
1.807438
1.817188
1.826437
1.835625
1.844813
1.854313
1.863438
1.872813
1.882000
1.891250
1.900625
1.909938
1.919313
1.928875
1.938500
1.948813
2.109188
2.117688
2.126125
2.134625
2.143250
2.152000
2.222313
2.232250
2.242625
2.253250
2.264063
2.274750
2.285563
2.296438
2.307375
2.317938
2.328562
2.340313
2.350875
