0.359250000
0.367562500
0.376125000
0.384375000
0.392812500
0.401125000
0.409250000
0.417375000
0.425000000
0.432875000
0.440687500
0.448562500
0.456562500
0.465000000
0.591562500
0.600187500
0.609312500
0.618812500
0.627687500
0.638187500
0.650375000
0.658187500
0.670437500
0.678750000
0.689812500
0.699062500
0.737750000
0.749187500
0.757437500
0.778562500
0.788812500
1.165937500
1.174687500
1.183125000
1.192187500
1.200937500
1.209312500
1.218187500
1.227250000
1.236312500
1.245687500
1.255000000
1.264250000
1.273250000
1.282125000
1.290750000
1.299375000
1.307750000
1.316125000
1.324500000
1.332812500
1.340812500
1.349062500
1.357250000
1.365500000
1.373562500
1.381625000
1.389625000
1.397562500
1.405375000
1.413250000
1.421062500
1.428812500
1.436625000
1.444375000
1.452312500
1.460312500
1.609625000
1.617750000
1.626125000
1.634812500
1.643250000
1.651937500
1.660687500
1.669562500
1.678375000
1.688250000
1.699125000
1.718562500
1.727750000
1.736875000
1.745937500
1.754750000
1.763750000
1.772562500
1.781500000
1.790500000
1.799562500
1.808750000
1.818562500
1.829125000
1.889250000
1.896687500
1.905500000
1.914812500
1.923875000
1.933250000
1.942375000
1.951750000
1.961312500
1.970937500
1.980625000
1.990375000
2.000375000
2.010312500
2.020312500
2.030500000
2.040875000
2.051125000
2.061625000
2.072250000
2.083187500
2.093875000
2.105937500
2.116125000
2.126250000
2.136250000
