0.474687
0.482375
0.490812
0.499125
0.507500
0.515875
0.524250
0.532625
0.541063
0.549625
0.558438
0.567313
0.576375
0.585438
0.594437
0.603313
0.612437
0.620938
0.629375
0.637500
0.645750
0.654125
0.663188
0.672438
0.681750
0.691000
0.699875
0.709500
0.718375
0.726750
0.735688
0.745188
0.754875
0.765062
0.776062
0.787000
0.817813
0.824250
0.831938
0.839187
0.846500
0.853688
0.860750
0.867750
0.874625
0.881437
0.888188
0.894750
0.901250
0.907625
0.914000
0.921188
1.033750
1.041063
1.048437
1.056125
1.064000
1.072125
1.080250
1.088625
1.097125
1.105875
1.115000
1.123938
1.156313
1.163563
1.171000
1.178313
1.185500
1.192687
1.199875
1.207188
1.214500
1.221813
1.229188
1.236687
1.244375
1.252000
1.259750
1.267750
1.276437
1.285750
1.294938
1.304688
1.314625
1.324437
1.334250
1.344750
1.355063
1.365563
1.376000
1.386250
1.396750
1.407063
1.418063
1.634937
1.644125
1.653437
1.662688
1.672250
1.681812
1.691750
1.701437
1.711500
1.721625
1.732188
1.897875
1.905750
1.914063
1.921563
1.929437
1.937313
1.945188
1.953125
1.961188
1.969062
1.977188
1.985375
1.993500
2.001750
2.010063
2.018438
2.026688
2.035188
2.043687
2.052250
2.060938
2.069563
2.078750
2.088062
2.097938
2.108250
2.188813
2.197000
2.205750
2.214812
2.223875
2.233000
2.242000
2.250563
2.259375
2.267750
2.276375
2.285125
2.294062
2.303313
2.313000
2.322625
2.332313
2.343313
2.353687
2.362375
2.371625
2.380750
2.390000
2.399375
2.409000
2.419000
2.429125
2.438875
2.448125
2.457625
2.465937
2.588875
2.599125
2.608938
2.618500
2.628438
2.638812
2.649000
2.717563
2.727063
2.736813
2.746625
2.756375
2.766313
2.775937
2.785813
2.795750
2.805750
2.815750
2.825875
2.836125
2.846312
2.856625
2.867250
2.877937
2.888937
2.899938
2.911000
2.922125
2.932938
2.944062
2.954625
2.966063
