0.174562500
0.220625000
0.227937500
0.237125000
0.244000000
0.252937500
0.261125000
0.269625000
0.278250000
0.286875000
0.295375000
0.303812500
0.312250000
0.320437500
0.328500000
0.336312500
0.343875000
0.351312500
0.358625000
0.365812500
0.372812500
0.379750000
0.386625000
0.393437500
0.400250000
0.407187500
0.537187500
0.543937500
0.551000000
0.558625000
0.723375000
0.729500000
0.736812500
0.744187500
0.751500000
0.758937500
0.766500000
0.774250000
0.888937500
0.896125000
0.903875000
0.912000000
0.920312500
0.928750000
0.937312500
0.946000000
0.954875000
0.963875000
0.972875000
0.982000000
0.991312500
1.000812500
1.010562500
1.020375000
1.030312500
1.040187500
1.050250000
1.060375000
1.072000000
1.114125000
1.123562500
1.133875000
1.143437500
1.153812500
1.292875000
1.299812500
1.308437500
1.317312500
1.326187500
1.335125000
1.344062500
1.353062500
1.362125000
1.371250000
1.380437500
1.389625000
1.398625000
1.407562500
1.416687500
1.425750000
1.435062500
1.444500000
1.454187500
1.464187500
1.474937500
1.486375000
1.494625000
1.504062500
1.513812500
1.523625000
1.534250000
1.545312500
1.556937500
1.646500000
1.654500000
1.664000000
1.672937500
1.682125000
1.691375000
1.700500000
1.709625000
1.718687500
1.727625000
1.736562500
1.745562500
1.754500000
1.763437500
1.772250000
1.780937500
1.789500000
1.798000000
1.806312500
1.814625000
1.822937500
1.831187500
1.839375000
1.847500000
1.855562500
1.863625000
1.871750000
1.879875000
1.888125000
1.896437500
1.904875000
1.913500000
1.922500000
2.128812500
2.136687500
2.145312500
2.153937500
2.162687500
2.171625000
2.180812500
2.308062500
2.314625000
2.323937500
2.333000000
2.342250000
2.351687500
2.361187500
2.370687500
2.380375000
2.390250000
2.400187500
2.410125000
2.420187500
2.430250000
2.440500000
2.450937500
2.461812500
2.473250000
2.528875000
2.537250000
2.546625000
2.556000000
2.565437500
2.575000000
2.584562500
2.594125000
2.603812500
2.613625000
2.623562500
2.633562500
2.643562500
2.653500000
2.663937500
2.674000000
2.683687500
2.694312500
2.704812500
2.715250000
2.726312500
2.737125000
2.748062500
2.778500000
