0.241750
0.249750
0.257688
0.265500
0.273313
0.280875
0.288250
0.295438
0.302438
0.309312
0.316063
0.322750
0.329313
0.335875
0.342438
0.348938
0.355438
0.361938
0.368500
0.375188
0.381813
0.388562
0.395313
0.402250
0.409250
0.416312
0.423563
0.430875
0.438437
0.446250
0.454375
0.463000
0.472250
0.481563
0.491438
0.501625
0.511813
0.522312
0.532937
0.543687
0.554500
0.565438
0.576187
0.587125
0.597750
0.608688
0.619313
0.629375
0.639687
0.649813
0.660750
0.670375
0.952625
0.961125
0.969375
0.977563
0.985875
0.994313
1.002875
1.010938
1.018812
1.026188
1.034250
1.042437
1.050938
1.059813
1.069938
1.078625
1.134500
1.142875
1.151250
1.159625
1.168125
1.176875
1.185625
1.194375
1.202813
1.211688
1.220687
1.229688
1.238750
1.247750
1.256813
1.265813
1.274563
1.282313
1.290812
1.297813
1.306812
1.320875
1.328062
1.335687
1.440500
1.449375
1.458438
1.467937
1.477500
1.487438
1.497500
1.507937
1.520063
1.561687
1.569813
1.578813
1.587750
1.596625
1.605438
1.614250
1.622813
1.631375
1.639750
1.648125
1.656313
1.664562
1.672813
1.681062
1.689375
1.698000
1.707375
1.718000
1.793938
1.803688
1.814313
1.825312
2.015063
2.025187
2.035500
2.046250
2.057250
2.068313
2.079500
2.090688
2.102000
2.112938
2.124063
2.135250
2.145563
2.156750
2.167562
2.177938
2.188938
