0.248625000
0.257687500
0.266687500
0.275875000
0.285187500
0.294937500
0.304687500
0.314437500
0.324125000
0.333437500
0.342687500
0.351750000
0.360687500
0.370375000
0.378312500
0.386937500
0.395500000
0.404000000
0.412375000
0.420625000
0.428812500
0.436875000
0.444875000
0.452750000
0.460625000
0.468375000
0.476000000
0.483562500
0.490875000
0.498187500
0.505375000
0.512562500
0.519750000
0.526875000
0.533937500
0.541000000
0.548062500
0.555062500
0.562062500
0.569125000
0.576187500
0.583312500
0.590562500
0.597875000
0.605500000
0.613125000
0.645250000
0.652187500
0.659562500
0.667062500
0.674750000
0.682500000
0.690312500
0.698187500
0.706250000
0.714312500
0.722437500
0.730500000
0.738687500
0.746875000
0.755125000
0.763312500
0.771625000
0.779937500
0.788375000
0.796750000
0.805187500
0.813687500
0.822000000
0.830437500
0.838812500
0.847250000
0.855750000
0.864375000
0.873062500
0.881875000
0.890750000
0.899812500
0.908750000
0.918062500
0.927312500
0.936687500
0.946125000
0.955625000
0.965125000
0.975187500
0.986625000
1.064062500
1.072375000
1.081062500
1.089875000
1.098562500
1.107187500
1.115687500
1.124125000
1.132437500
1.140750000
1.149000000
1.157250000
1.165500000
1.173750000
1.182000000
1.190312500
1.198687500
1.207000000
1.215437500
1.223750000
1.231875000
1.240562500
1.392687500
1.401687500
1.410687500
1.419937500
1.429750000
1.439187500
1.448875000
1.458625000
1.468875000
1.479375000
1.490312500
1.500875000
1.511875000
1.520750000
1.528312500
