0.308437500
0.316250000
0.320562500
0.324500000
0.328250000
0.333312500
0.342000000
0.350937500
0.360125000
0.363312500
0.369750000
0.373562500
0.379750000
0.383812500
0.390000000
0.399875000
0.409875000
0.419625000
0.429000000
0.438062500
0.446812500
0.455062500
0.463250000
0.471437500
0.479500000
0.487375000
0.495187500
0.502812500
0.510250000
0.517437500
0.524500000
0.531687500
0.539312500
0.546750000
0.554375000
0.562250000
0.570000000
0.652875000
0.660250000
0.668062500
0.675937500
0.683937500
0.692250000
0.696187500
0.701312500
0.710625000
0.858187500
0.866812500
0.875500000
0.884437500
0.893312500
0.902312500
0.911375000
0.920375000
0.929250000
0.938375000
0.947187500
0.956000000
0.964750000
0.973875000
0.983062500
0.992250000
1.001750000
1.011687500
1.021562500
1.025062500
1.030812500
1.040687500
1.044125000
1.050500000
1.060125000
1.069500000
1.078625000
1.087687500
1.096875000
1.106375000
1.115687500
1.125000000
1.134375000
1.143937500
1.153437500
1.162812500
1.173250000
1.182687500
1.307312500
1.316125000
1.325000000
1.334250000
1.343375000
1.352812500
1.362750000
1.372812500
1.382750000
1.392937500
1.403000000
1.413125000
1.423125000
1.433125000
1.443062500
1.453062500
1.463125000
1.473250000
1.483250000
1.493562500
1.503625000
1.514062500
1.524250000
1.534687500
1.545000000
1.555437500
1.565875000
1.576437500
1.587312500
1.598312500
1.609250000
1.620000000
1.640750000
1.661875000
1.671875000
