0.239563
0.247062
0.254500
0.261750
0.269000
0.276250
0.283438
0.290500
0.298000
0.305250
0.313625
0.426688
0.433375
0.440375
0.446875
0.453500
0.459313
0.466313
0.473563
0.481125
0.489438
0.586625
0.594313
0.602187
0.610187
0.618375
0.626750
0.635062
0.643438
0.651125
0.659500
0.667875
0.727062
0.749000
0.758125
0.767312
0.776125
0.784937
0.793562
0.802125
0.810625
0.819063
0.827438
0.835562
0.843625
0.851563
0.859563
0.869062
0.879000
0.982750
0.991500
1.001063
1.011000
1.021562
1.032125
1.156500
1.166250
1.175812
1.185875
1.195563
1.206813
1.219313
1.263562
1.272063
1.281625
1.291125
1.300500
1.310062
1.319563
1.329125
1.338688
1.348625
1.358250
1.368375
1.378250
1.388375
1.398375
1.408625
1.418750
1.428750
1.438563
1.447812
1.457062
1.466063
1.474938
1.483688
1.492375
1.501500
1.513375
1.532688
1.541313
1.550062
1.558750
1.567625
1.576625
1.585563
1.594750
1.604000
1.613125
1.623125
1.740375
1.749625
1.758750
1.767937
1.777187
1.786750
1.796188
1.805750
1.815375
1.943125
1.951813
1.960563
1.969250
1.978000
1.986750
1.995438
2.004000
2.012375
2.020563
2.028875
2.036750
2.045250
2.055063
2.163125
2.172813
2.182625
2.193188
2.203688
2.214750
2.225687
2.237750
2.248813
2.259750
2.271000
