0.341437500
0.350062500
0.358562500
0.367187500
0.375875000
0.384500000
0.393125000
0.401812500
0.410500000
0.419187500
0.427875000
0.436625000
0.445375000
0.454312500
0.463187500
0.472437500
0.481625000
0.490875000
0.500187500
0.511062500
0.658250000
0.665625000
0.673000000
0.680375000
0.687625000
0.694937500
0.702187500
0.709312500
0.716500000
0.723625000
0.730812500
0.737937500
0.745062500
0.752187500
0.759375000
0.766562500
0.773750000
0.781000000
0.788250000
0.795500000
0.802812500
0.810125000
0.817500000
0.824937500
0.832437500
0.839937500
0.847437500
0.855062500
0.862687500
0.870375000
0.878125000
0.886375000
0.894562500
1.048812500
1.056812500
1.064687500
1.072625000
1.080687500
1.088750000
1.096937500
1.105125000
1.113437500
1.121875000
1.130375000
1.139000000
1.147750000
1.156625000
1.165687500
1.175062500
1.184812500
1.195000000
1.205625000
1.216312500
1.226937500
1.238562500
1.249562500
1.260375000
1.271687500
1.282875000
1.293625000
1.304250000
1.611125000
1.619812500
1.628812500
1.637687500
1.646625000
1.655562500
1.664125000
1.672812500
1.681562500
1.690437500
1.699125000
1.707937500
1.716750000
1.725687500
1.734625000
1.744437500
1.755375000
1.765312500
1.773875000
1.783125000
1.792375000
1.801812500
1.811000000
1.820062500
1.829437500
1.839000000
1.848437500
1.858125000
1.867750000
1.877312500
1.887500000
1.896812500
1.908000000
1.972812500
1.982625000
1.992750000
2.003000000
2.013187500
2.023562500
2.035125000
2.045562500
2.054812500
2.065500000
2.076250000
2.087875000
2.098375000
2.109125000
2.119937500
2.129500000
2.140187500
2.151312500
2.161750000
2.172562500
2.183437500
2.194062500
2.204812500
2.215062500
2.225375000
2.235125000
2.245437500
2.254750000
2.264500000
2.274812500
