0.311875000
0.320562500
0.328875000
0.337687500
0.346187500
0.354625000
0.363250000
0.371812500
0.380750000
0.389500000
0.398687500
0.407750000
0.416562500
0.425562500
0.434687500
0.443875000
0.453000000
0.462187500
0.471375000
0.480562500
0.490000000
0.614937500
0.623250000
0.631312500
0.639312500
0.647250000
0.655187500
0.663062500
0.670875000
0.678625000
0.686250000
0.693562500
0.701062500
0.708562500
0.716125000
0.723562500
0.731125000
0.738562500
0.746000000
0.753500000
0.760875000
0.768312500
0.775812500
0.783250000
0.790750000
0.798250000
0.805750000
0.813250000
0.820750000
0.828312500
0.835875000
0.843437500
0.851000000
0.858625000
0.866312500
0.874000000
0.881750000
0.889500000
0.897375000
0.905312500
0.913312500
0.921500000
0.929875000
0.938312500
0.947000000
0.955875000
0.964812500
0.974000000
0.983250000
0.992562500
1.001625000
1.010687500
1.019937500
1.029312500
1.038812500
1.202562500
1.211000000
1.219125000
1.227437500
1.235812500
1.244375000
1.253000000
1.261750000
1.270625000
1.279687500
1.288750000
1.297875000
1.307312500
1.316562500
1.326250000
1.336312500
1.346500000
1.356500000
1.367000000
1.377500000
1.388062500
1.398625000
1.409687500
1.420375000
1.431062500
1.438250000
1.448062500
1.459187500
1.470437500
1.479500000	
1.490375000
1.499312500
1.507875000
1.516375000
1.525187500
1.533812500
1.543062500
1.552437500
1.562062500
1.572250000
1.584312500
1.594875000
1.605500000
1.615250000
1.623812500
1.633562500
1.643125000
1.652625000
1.662250000
1.672000000
1.681812500
1.691437500
1.701562500
1.711562500
1.721250000
1.731312500
1.741812500
1.751750000
1.761625000
1.771312500
1.781312500
1.791000000
1.800875000
1.810625000
1.820437500
1.830750000
1.840875000
1.850937500
1.861187500
1.871500000
1.881562500
1.892187500
1.902437500
