0.304062500
0.312062500
0.321062500
0.329687500
0.338750000
0.347875000
0.357187500
0.366875000
0.377250000
0.387812500
0.408062500
0.418437500
0.429000000
0.439187500
0.449250000
0.459312500
0.468500000
0.477625000
0.486562500
0.495125000
0.503312500
0.511375000
0.519312500
0.527125000
0.534812500
0.542437500
0.549812500
0.557187500
0.564500000
0.571687500
0.578375000
0.585500000
0.592812500
0.599812500
0.607000000
0.614500000
0.621750000
0.629187500
0.636500000
0.644062500
0.651687500
0.659312500
0.810812500
0.818625000
0.828250000
0.837312500
0.848500000
1.034875000
1.043625000
1.052437500
1.061062500
1.069750000
1.078375000
1.086687500
1.095187500
1.103500000
1.111937500
1.119750000
1.128375000
1.256937500
1.265500000
1.274312500
1.283437500
1.292687500
1.301687500
1.310187500
1.318812500
1.327875000
1.336937500
1.345000000	
1.353437500	
1.362187500	
1.380000000
1.387437500
1.395937500
1.403812500
1.466187500
1.475812500
1.485000000
1.494062500
1.503250000
1.512437500
1.521750000
1.531125000
1.540562500
1.550125000
1.559812500
1.569750000
1.579812500
1.590062500
1.600437500
1.610750000
1.621125000
1.631187500
1.641812500
1.651875000
1.662312500
1.672625000
1.683687500
1.695875000
1.758187500
1.767375000
1.776812500
1.786437500
1.795937500
1.805687500
1.815312500
1.825000000
1.834625000
1.844187500
1.853750000
1.863125000
1.872562500
1.881937500
1.891125000
1.901062500
1.910687500
1.920437500
1.930625000
1.940687500
1.951000000
1.961687500
1.972000000
1.982937500
1.994312500
