0.667438
0.675937
0.684625
0.693187
0.701750
0.710375
0.719000
0.727563
0.736313
0.745250
0.754188
0.763375
0.772563
0.781813
0.791125
0.800438
0.809750
0.818937
0.828250
0.837688
0.847187
0.856563
0.866500
0.877188
1.052688
1.059250
1.065687
1.072000
1.078313
1.084500
1.090688
1.096875
1.103000
1.109188
1.115375
1.121563
1.127813
1.134187
1.140750
1.147500
1.154500
1.161563
1.168625
1.243562
1.251438
1.259125
1.266563
1.274188
1.282188
1.289500
1.297125
1.304625
1.312250
1.319875
1.327687
1.335625
1.344000
1.352062
1.360562
1.369625
1.378688
1.387063
1.395750
1.404750
1.413500
1.422313
1.431125
1.440063
1.449125
1.458312
1.467625
1.477062
1.486563
1.496188
1.505813
1.515375
1.525063
1.534812
1.544500
1.553938
1.563625
1.573063
1.582125
1.591500
1.600438
1.609312
1.618250
1.627375
1.636500
1.645625
1.654875
1.663938
1.673000
1.682063
1.690687
1.700063
1.708563
1.717937
1.725625
1.735125
1.743625
1.751688
1.760938
1.771000
1.852688
1.862500
1.873188
2.002312
2.011687
2.020500
2.030187
2.038750
2.047938
2.057437
2.067188
2.077125
2.087375
2.098063
2.109000
2.120188
2.132188
2.143187
2.152312
2.155500
